          [38;2;0;0;0m▄[0m[48;2;0;0;0m[38;2;222;182;90m▄[0m[38;2;0;0;0m▄[0m                     
        [38;2;0;0;0m▄[0m[48;2;0;0;0m[38;2;193;147;86m▄[0m[48;2;189;146;82m[38;2;193;147;86m▄[0m[48;2;222;182;90m[38;2;222;182;90m▄[0m[48;2;0;0;0m[38;2;0;0;0m▄[0m               [38;2;0;0;0m▄[0m[38;2;0;0;0m▄[0m[38;2;0;0;0m▄[0m   
       [38;2;0;0;0m▄[0m[48;2;0;0;0m[38;2;189;146;82m▄[0m[48;2;193;147;86m[38;2;148;113;69m▄[0m[48;2;222;182;90m[38;2;222;174;82m▄[0m[48;2;222;182;90m[38;2;222;182;90m▄[0m[48;2;0;0;0m[38;2;0;0;0m▄[0m         [38;2;0;0;0m▄[0m[38;2;0;0;0m▄[0m[38;2;0;0;0m▄[0m[48;2;0;0;0m[38;2;222;181;90m▄[0m[48;2;0;0;0m[38;2;222;181;90m▄[0m[48;2;0;0;0m[38;2;222;182;90m▄[0m[48;2;222;182;90m[38;2;222;182;90m▄[0m[48;2;222;182;90m[38;2;189;146;82m▄[0m[48;2;0;0;0m[38;2;0;0;0m▄[0m   
       [48;2;0;0;0m[38;2;8;0;0m▄[0m[48;2;189;146;82m[38;2;198;146;82m▄[0m[48;2;74;52;57m[38;2;66;65;66m▄[0m[48;2;222;174;82m[38;2;222;182;90m▄[0m[48;2;222;182;90m[38;2;206;166;90m▄[0m[48;2;0;0;0m[38;2;0;0;0m▄[0m      [38;2;0;0;0m▄[0m[38;2;0;0;0m▄[0m[48;2;0;0;0m[38;2;222;181;90m▄[0m[48;2;222;182;90m[38;2;222;181;90m▄[0m[48;2;222;182;90m[38;2;222;182;90m▄[0m[48;2;222;182;90m[38;2;222;182;90m▄[0m[48;2;222;181;90m[38;2;239;182;90m▄[0m[48;2;222;181;90m[38;2;184;143;82m▄[0m[48;2;222;182;90m[38;2;192;147;85m▄[0m[48;2;193;147;86m[38;2;192;147;85m▄[0m[48;2;0;0;0m[38;2;0;0;0m▄[0m    
      [48;2;0;0;0m[38;2;0;0;0m▄[0m[48;2;198;146;82m[38;2;198;146;82m▄[0m[48;2;134;97;54m[38;2;137;102;68m▄[0m[48;2;66;65;66m[38;2;74;65;66m▄[0m[48;2;222;182;90m[38;2;231;182;90m▄[0m[48;2;206;166;90m[38;2;189;146;82m▄[0m[48;2;0;0;0m[38;2;0;0;0m▄[0m     [48;2;0;0;0m[38;2;0;0;0m▄[0m[48;2;222;182;90m[38;2;222;182;90m▄[0m[48;2;222;182;90m[38;2;222;182;90m▄[0m[48;2;222;181;90m[38;2;66;65;66m▄[0m[48;2;222;181;90m[38;2;66;65;66m▄[0m[48;2;66;65;66m[38;2;156;93;46m▄[0m[48;2;66;65;66m[38;2;156;93;46m▄[0m[48;2;74;65;66m[38;2;66;65;66m▄[0m[48;2;184;143;82m[38;2;192;145;82m▄[0m[48;2;192;147;85m[38;2;189;146;82m▄[0m[48;2;192;147;85m[38;2;0;0;0m▄[0m[38;2;0;0;0m▀[0m    
      [48;2;0;0;0m[38;2;0;0;0m▄[0m[48;2;198;146;82m[38;2;192;145;82m▄[0m[48;2;76;59;54m[38;2;66;65;66m▄[0m[48;2;231;182;90m[38;2;192;147;85m▄[0m[48;2;178;143;82m[38;2;192;147;85m▄[0m[48;2;0;0;0m[38;2;0;0;0m▄[0m     [48;2;0;0;0m[38;2;0;0;0m▄[0m[48;2;222;182;90m[38;2;222;182;90m▄[0m[48;2;222;182;90m[38;2;66;65;66m▄[0m[48;2;66;65;66m[38;2;156;93;45m▄[0m[48;2;156;93;45m[38;2;156;93;46m▄[0m[48;2;156;93;45m[38;2;156;93;46m▄[0m[48;2;156;93;46m[38;2;156;93;45m▄[0m[48;2;156;93;46m[38;2;66;65;66m▄[0m[48;2;66;65;66m[38;2;192;147;85m▄[0m[48;2;192;145;82m[38;2;192;147;85m▄[0m[48;2;189;146;82m[38;2;0;0;0m▄[0m[38;2;0;0;0m▀[0m     
      [48;2;0;0;0m[38;2;0;0;0m▄[0m[48;2;192;145;82m[38;2;189;146;82m▄[0m[48;2;66;65;66m[38;2;189;146;82m▄[0m[48;2;192;147;85m[38;2;164;128;65m▄[0m[48;2;192;147;85m[38;2;49;44;49m▄[0m[48;2;0;0;0m[38;2;0;0;0m▄[0m [38;2;0;0;0m▄[0m  [48;2;0;0;0m[38;2;0;0;0m▄[0m[48;2;222;182;90m[38;2;222;182;90m▄[0m[48;2;222;182;90m[38;2;66;65;66m▄[0m[48;2;66;65;66m[38;2;156;93;46m▄[0m[48;2;156;93;45m[38;2;156;93;46m▄[0m[48;2;156;93;46m[38;2;156;93;45m▄[0m[48;2;156;93;46m[38;2;156;93;45m▄[0m[48;2;156;93;45m[38;2;66;65;66m▄[0m[48;2;66;65;66m[38;2;192;145;82m▄[0m[48;2;192;147;85m[38;2;189;146;82m▄[0m[48;2;192;147;85m[38;2;0;0;0m▄[0m[38;2;0;0;0m▀[0m      
       [48;2;0;0;0m[38;2;8;0;0m▄[0m[48;2;189;146;82m[38;2;206;154;82m▄[0m[48;2;49;44;49m[38;2;49;44;41m▄[0m[48;2;222;170;74m[38;2;159;122;68m▄[0m[48;2;165;113;41m[38;2;222;182;90m▄[0m[48;2;0;0;0m[38;2;193;147;86m▄[0m[48;2;222;182;90m[38;2;219;181;93m▄[0m[48;2;0;0;0m[38;2;192;147;71m▄[0m[48;2;0;0;0m[38;2;0;0;0m▄[0m[48;2;222;182;90m[38;2;206;158;90m▄[0m[48;2;222;182;90m[38;2;74;62;54m▄[0m[48;2;66;65;66m[38;2;222;178;82m▄[0m[48;2;156;93;46m[38;2;66;65;66m▄[0m[48;2;156;93;46m[38;2;66;65;66m▄[0m[48;2;66;65;66m[38;2;192;147;85m▄[0m[48;2;66;65;66m[38;2;192;147;85m▄[0m[48;2;192;145;82m[38;2;189;146;82m▄[0m[48;2;192;145;82m[38;2;189;146;82m▄[0m[48;2;189;146;82m[38;2;0;0;0m▄[0m[38;2;0;0;0m▀[0m       
      [38;2;0;0;0m▄[0m[48;2;8;0;0m[38;2;222;181;90m▄[0m[48;2;140;102;54m[38;2;222;181;90m▄[0m[48;2;214;162;82m[38;2;222;181;90m▄[0m[48;2;214;162;82m[38;2;222;181;90m▄[0m[48;2;222;182;90m[38;2;222;181;90m▄[0m[48;2;222;182;90m[38;2;222;181;90m▄[0m[48;2;219;181;93m[38;2;222;181;90m▄[0m[48;2;165;113;49m[38;2;222;181;90m▄[0m[48;2;206;158;90m[38;2;193;147;86m▄[0m[48;2;206;158;90m[38;2;193;147;86m▄[0m[48;2;222;178;82m[38;2;154;119;68m▄[0m[48;2;148;120;68m[38;2;66;65;57m▄[0m[48;2;66;65;66m[38;2;189;146;82m▄[0m[48;2;192;145;82m[38;2;189;146;82m▄[0m[48;2;192;147;85m[38;2;0;0;0m▄[0m[48;2;192;147;85m[38;2;0;0;0m▄[0m[38;2;0;0;0m▀[0m[38;2;0;0;0m▀[0m  [38;2;0;0;0m▄[0m[48;2;0;0;0m[38;2;255;247;214m▄[0m[38;2;0;0;0m▄[0m    
     [38;2;8;0;0m▄[0m[48;2;0;0;0m[38;2;90;85;82m▄[0m[48;2;222;181;90m[38;2;186;148;82m▄[0m[48;2;222;181;90m[38;2;222;178;90m▄[0m[48;2;222;181;90m[38;2;222;181;90m▄[0m[48;2;222;181;90m[38;2;222;181;90m▄[0m[48;2;222;181;90m[38;2;222;181;90m▄[0m[48;2;222;181;90m[38;2;222;181;90m▄[0m[48;2;222;181;90m[38;2;222;181;90m▄[0m[48;2;222;181;90m[38;2;222;181;90m▄[0m[48;2;222;182;90m[38;2;222;182;90m▄[0m[48;2;193;147;86m[38;2;193;147;86m▄[0m[48;2;198;146;74m[38;2;189;146;90m▄[0m[48;2;198;146;74m[38;2;0;0;8m▄[0m[38;2;0;0;0m▀[0m[38;2;0;0;0m▀[0m     [38;2;0;0;0m▄[0m[48;2;0;0;0m[38;2;230;206;115m▄[0m[48;2;255;247;214m[38;2;255;247;214m▄[0m[48;2;255;247;214m[38;2;255;247;214m▄[0m[48;2;0;0;0m[38;2;255;247;214m▄[0m[38;2;0;0;0m▄[0m  
  [38;2;0;0;0m▄[0m[38;2;0;0;8m▄[0m[38;2;0;0;8m▄[0m[48;2;8;0;0m[38;2;214;162;90m▄[0m[48;2;255;255;247m[38;2;8;0;8m▄[0m[48;2;115;89;66m[38;2;49;48;49m▄[0m[48;2;222;178;90m[38;2;222;182;90m▄[0m[48;2;222;181;90m[38;2;222;181;90m▄[0m[48;2;222;181;90m[38;2;222;181;90m▄[0m[48;2;222;181;90m[38;2;195;163;115m▄[0m[48;2;222;181;90m[38;2;165;117;49m▄[0m[48;2;222;181;90m[38;2;186;148;82m▄[0m[48;2;222;181;90m[38;2;222;178;90m▄[0m[48;2;222;182;90m[38;2;222;181;90m▄[0m[48;2;222;182;90m[38;2;222;181;90m▄[0m[48;2;189;146;90m[38;2;189;146;82m▄[0m[48;2;63;48;35m[38;2;49;48;49m▄[0m[48;2;0;0;0m[38;2;176;154;73m▄[0m[48;2;0;0;0m[38;2;176;154;73m▄[0m[38;2;0;0;0m▄[0m [38;2;0;0;0m▄[0m[48;2;0;0;0m[38;2;164;113;44m▄[0m[48;2;0;0;0m[38;2;231;207;115m▄[0m[48;2;231;207;115m[38;2;231;207;115m▄[0m[48;2;230;206;115m[38;2;255;247;214m▄[0m[48;2;255;247;214m[38;2;255;247;214m▄[0m[48;2;255;247;214m[38;2;255;247;214m▄[0m[48;2;255;247;214m[38;2;255;247;214m▄[0m[48;2;0;0;0m[38;2;231;207;115m▄[0m[38;2;0;0;0m▄[0m 
 [38;2;0;0;0m▀[0m[48;2;231;207;115m[38;2;107;97;57m▄[0m[48;2;165;150;82m[38;2;231;207;107m▄[0m[48;2;82;75;45m[38;2;66;65;57m▄[0m[48;2;214;162;90m[38;2;222;182;90m▄[0m[48;2;111;81;49m[38;2;222;182;90m▄[0m[48;2;106;92;62m[38;2;222;182;90m▄[0m[48;2;222;182;90m[38;2;222;182;90m▄[0m[48;2;222;181;90m[38;2;222;181;90m▄[0m[48;2;222;181;90m[38;2;222;181;90m▄[0m[48;2;165;117;49m[38;2;172;124;65m▄[0m[48;2;255;255;247m[38;2;24;0;16m▄[0m[48;2;115;89;66m[38;2;49;48;49m▄[0m[48;2;222;178;90m[38;2;222;182;90m▄[0m[48;2;222;181;90m[38;2;222;182;90m▄[0m[48;2;222;181;90m[38;2;193;147;86m▄[0m[48;2;189;146;82m[38;2;186;151;76m▄[0m[48;2;49;48;49m[38;2;49;48;49m▄[0m[48;2;176;154;73m[38;2;176;154;73m▄[0m[48;2;176;154;73m[38;2;176;154;73m▄[0m[48;2;173;154;74m[38;2;66;65;57m▄[0m[48;2;0;0;0m[38;2;231;207;107m▄[0m[48;2;164;113;44m[38;2;66;60;57m▄[0m[48;2;164;113;44m[38;2;152;129;78m▄[0m[48;2;165;109;41m[38;2;189;132;57m▄[0m[48;2;187;141;65m[38;2;189;132;57m▄[0m[48;2;255;247;214m[38;2;255;247;214m▄[0m[48;2;255;247;214m[38;2;255;247;214m▄[0m[48;2;255;247;214m[38;2;255;247;214m▄[0m[48;2;255;247;214m[38;2;230;206;115m▄[0m[48;2;231;207;115m[38;2;231;207;115m▄[0m[48;2;0;0;0m[38;2;0;0;0m▄[0m 
[38;2;0;0;0m▄[0m[48;2;0;0;0m[38;2;231;206;115m▄[0m[48;2;214;195;115m[38;2;231;206;115m▄[0m[48;2;231;207;107m[38;2;231;207;115m▄[0m[48;2;176;159;90m[38;2;231;207;115m▄[0m[48;2;66;65;66m[38;2;197;194;137m▄[0m[48;2;66;65;66m[38;2;82;73;49m▄[0m[48;2;222;182;90m[38;2;222;182;90m▄[0m[48;2;66;65;66m[38;2;222;182;90m▄[0m[48;2;222;181;90m[38;2;231;178;82m▄[0m[48;2;222;181;90m[38;2;231;178;82m▄[0m[48;2;247;186;90m[38;2;222;182;90m▄[0m[48;2;98;62;40m[38;2;222;182;90m▄[0m[48;2;106;92;62m[38;2;164;154;127m▄[0m[48;2;222;182;90m[38;2;74;65;57m▄[0m[48;2;193;147;86m[38;2;192;145;82m▄[0m[48;2;193;147;86m[38;2;192;145;82m▄[0m[48;2;49;48;49m[38;2;90;77;41m▄[0m[48;2;186;151;76m[38;2;145;136;90m▄[0m[48;2;176;154;73m[38;2;178;156;68m▄[0m[48;2;176;154;73m[38;2;216;203;137m▄[0m[48;2;176;159;90m[38;2;231;207;115m▄[0m[48;2;231;207;107m[38;2;231;207;115m▄[0m[48;2;239;199;99m[38;2;231;206;115m▄[0m[48;2;66;60;57m[38;2;231;206;115m▄[0m[48;2;189;132;57m[38;2;66;65;66m▄[0m[48;2;189;132;57m[38;2;189;134;57m▄[0m[48;2;189;134;57m[38;2;189;131;57m▄[0m[48;2;255;247;214m[38;2;165;113;41m▄[0m[48;2;230;206;115m[38;2;187;140;65m▄[0m[48;2;230;206;115m[38;2;231;203;115m▄[0m[48;2;231;207;115m[38;2;231;207;115m▄[0m[48;2;231;207;115m[38;2;165;112;43m▄[0m[48;2;0;0;0m[38;2;0;0;0m▄[0m
[48;2;0;0;0m[38;2;0;0;0m▄[0m[48;2;231;206;115m[38;2;239;211;115m▄[0m[48;2;231;206;115m[38;2;239;211;115m▄[0m[48;2;231;207;115m[38;2;177;154;74m▄[0m[48;2;177;154;74m[38;2;231;207;115m▄[0m[48;2;255;255;181m[38;2;255;247;206m▄[0m[48;2;197;194;137m[38;2;255;247;206m▄[0m[48;2;66;65;66m[38;2;178;155;71m▄[0m[48;2;66;65;66m[38;2;255;247;214m▄[0m[48;2;74;60;57m[38;2;255;247;214m▄[0m[48;2;178;138;73m[38;2;66;65;66m▄[0m[48;2;189;134;57m[38;2;139;125;98m▄[0m[48;2;189;134;57m[38;2;82;65;49m▄[0m[48;2;74;65;57m[38;2;178;156;68m▄[0m[48;2;255;243;198m[38;2;216;203;137m▄[0m[48;2;66;65;66m[38;2;255;247;214m▄[0m[48;2;66;65;66m[38;2;255;247;214m▄[0m[48;2;255;255;189m[38;2;255;247;214m▄[0m[48;2;200;195;139m[38;2;255;247;214m▄[0m[48;2;255;251;206m[38;2;255;247;214m▄[0m[48;2;178;156;68m[38;2;255;247;214m▄[0m[48;2;177;154;74m[38;2;178;155;71m▄[0m[48;2;231;207;115m[38;2;178;155;71m▄[0m[48;2;231;206;115m[38;2;231;203;99m▄[0m[48;2;231;206;115m[38;2;176;157;85m▄[0m[48;2;66;65;66m[38;2;66;65;66m▄[0m[48;2;189;134;57m[38;2;164;113;44m▄[0m[48;2;189;131;57m[38;2;189;134;57m▄[0m[48;2;189;131;57m[38;2;164;113;45m▄[0m[48;2;165;109;41m[38;2;189;134;57m▄[0m[48;2;165;109;41m[38;2;164;113;45m▄[0m[48;2;165;112;43m[38;2;164;113;44m▄[0m[48;2;165;112;43m[38;2;164;113;44m▄[0m[48;2;0;0;0m[38;2;0;0;0m▄[0m
 [48;2;8;4;0m[38;2;0;0;0m▄[0m[48;2;162;142;76m[38;2;173;154;74m▄[0m[48;2;231;207;115m[38;2;231;206;115m▄[0m[48;2;231;207;115m[38;2;231;206;115m▄[0m[48;2;218;202;136m[38;2;230;206;115m▄[0m[48;2;181;158;66m[38;2;255;247;214m▄[0m[48;2;255;247;214m[38;2;255;247;214m▄[0m[48;2;255;247;214m[38;2;255;247;214m▄[0m[48;2;255;247;214m[38;2;255;247;214m▄[0m[48;2;255;247;214m[38;2;255;247;214m▄[0m[48;2;82;65;49m[38;2;230;206;115m▄[0m[48;2;255;247;198m[38;2;255;247;214m▄[0m[48;2;255;251;206m[38;2;255;247;206m▄[0m[48;2;178;156;68m[38;2;181;158;66m▄[0m[48;2;230;206;115m[38;2;178;156;68m▄[0m[48;2;230;206;115m[38;2;216;203;137m▄[0m[48;2;255;247;214m[38;2;255;247;214m▄[0m[48;2;255;247;214m[38;2;255;247;214m▄[0m[48;2;255;247;214m[38;2;255;247;214m▄[0m[48;2;255;247;214m[38;2;255;247;214m▄[0m[48;2;255;247;214m[38;2;255;255;189m▄[0m[48;2;178;155;71m[38;2;145;136;90m▄[0m[48;2;176;157;85m[38;2;189;150;57m▄[0m[48;2;66;65;57m[38;2;66;65;66m▄[0m[48;2;164;113;44m[38;2;165;113;44m▄[0m[48;2;164;113;44m[38;2;165;113;44m▄[0m[48;2;164;113;45m[38;2;165;113;44m▄[0m[48;2;189;134;57m[38;2;165;113;44m▄[0m[48;2;164;113;45m[38;2;165;113;44m▄[0m[48;2;164;113;45m[38;2;165;113;44m▄[0m[48;2;164;113;44m[38;2;165;113;41m▄[0m[48;2;0;0;0m[38;2;0;0;0m▄[0m 
  [48;2;0;0;0m[38;2;0;0;0m▄[0m[48;2;231;206;115m[38;2;247;215;115m▄[0m[48;2;231;206;115m[38;2;167;144;76m▄[0m[48;2;255;247;214m[38;2;255;247;214m▄[0m[48;2;255;247;214m[38;2;255;247;214m▄[0m[48;2;255;247;214m[38;2;255;247;214m▄[0m[48;2;255;247;214m[38;2;255;247;214m▄[0m[48;2;255;247;214m[38;2;255;247;214m▄[0m[48;2;255;247;214m[38;2;255;247;214m▄[0m[48;2;255;247;214m[38;2;255;247;214m▄[0m[48;2;255;247;214m[38;2;255;247;214m▄[0m[48;2;255;247;206m[38;2;255;247;214m▄[0m[48;2;218;202;136m[38;2;230;206;115m▄[0m[48;2;255;251;206m[38;2;255;247;206m▄[0m[48;2;178;156;68m[38;2;181;158;66m▄[0m[48;2;230;206;115m[38;2;230;206;115m▄[0m[48;2;255;247;214m[38;2;255;247;214m▄[0m[48;2;255;247;214m[38;2;255;247;214m▄[0m[48;2;255;247;214m[38;2;230;206;115m▄[0m[48;2;200;195;139m[38;2;239;199;99m▄[0m[48;2;90;77;41m[38;2;66;60;57m▄[0m[48;2;66;65;66m[38;2;164;113;44m▄[0m[48;2;148;121;60m[38;2;164;113;44m▄[0m[48;2;165;113;44m[38;2;165;113;44m▄[0m[48;2;165;113;44m[38;2;165;113;44m▄[0m[48;2;165;113;44m[38;2;164;113;44m▄[0m[48;2;165;113;44m[38;2;164;113;44m▄[0m[48;2;165;113;44m[38;2;165;113;41m▄[0m[48;2;165;113;44m[38;2;0;0;0m▄[0m[38;2;0;0;0m▀[0m  
   [38;2;8;4;0m▀[0m[48;2;167;144;76m[38;2;0;0;0m▄[0m[48;2;255;247;214m[38;2;170;162;120m▄[0m[48;2;255;247;214m[38;2;255;243;181m▄[0m[48;2;255;247;214m[38;2;255;247;214m▄[0m[48;2;255;247;214m[38;2;255;247;214m▄[0m[48;2;255;247;214m[38;2;255;247;214m▄[0m[48;2;255;247;214m[38;2;255;247;214m▄[0m[48;2;255;247;214m[38;2;255;247;214m▄[0m[48;2;255;247;214m[38;2;255;247;214m▄[0m[48;2;230;206;115m[38;2;255;247;214m▄[0m[48;2;255;247;214m[38;2;255;247;214m▄[0m[48;2;255;247;206m[38;2;255;255;181m▄[0m[48;2;218;202;136m[38;2;197;194;137m▄[0m[48;2;230;206;115m[38;2;231;207;115m▄[0m[48;2;230;206;115m[38;2;231;207;115m▄[0m[48;2;230;206;115m[38;2;239;199;99m▄[0m[48;2;230;206;115m[38;2;66;60;57m▄[0m[48;2;66;60;57m[38;2;164;113;44m▄[0m[48;2;152;129;78m[38;2;164;113;44m▄[0m[48;2;66;65;66m[38;2;0;0;0m▄[0m[48;2;164;113;44m[38;2;0;0;0m▄[0m[48;2;165;113;44m[38;2;0;0;0m▄[0m[48;2;165;113;44m[38;2;0;0;0m▄[0m[48;2;164;113;44m[38;2;0;0;0m▄[0m[38;2;0;0;0m▀[0m[38;2;0;0;0m▀[0m    
     [38;2;0;0;0m▀[0m[38;2;0;0;0m▀[0m[48;2;230;206;115m[38;2;0;0;0m▄[0m[48;2;255;247;214m[38;2;0;0;0m▄[0m[48;2;230;206;115m[38;2;231;207;115m▄[0m[48;2;255;247;214m[38;2;231;207;115m▄[0m[48;2;255;247;214m[38;2;239;215;115m▄[0m[48;2;255;247;214m[38;2;159;143;76m▄[0m[48;2;255;247;214m[38;2;239;190;90m▄[0m[48;2;255;247;214m[38;2;74;56;49m▄[0m[48;2;197;194;137m[38;2;66;65;66m▄[0m[48;2;82;73;49m[38;2;154;111;54m▄[0m[48;2;66;65;66m[38;2;173;117;49m▄[0m[48;2;66;65;66m[38;2;173;117;49m▄[0m[48;2;66;60;57m[38;2;66;65;66m▄[0m[48;2;152;129;78m[38;2;0;0;0m▄[0m[48;2;164;113;44m[38;2;0;0;0m▄[0m[38;2;0;0;0m▀[0m           
         [38;2;0;0;0m▀[0m[38;2;0;0;0m▀[0m[38;2;0;0;0m▀[0m[38;2;0;0;0m▀[0m[48;2;184;145;76m[38;2;0;0;0m▄[0m[48;2;184;145;76m[38;2;0;0;0m▄[0m[38;2;66;65;66m▀[0m[48;2;198;134;49m[38;2;0;0;0m▄[0m[48;2;173;117;49m[38;2;0;0;0m▄[0m[38;2;0;0;0m▀[0m[38;2;0;0;0m▀[0m              
