                     [38;2;0;0;0m▄[0m[48;2;0;0;0m[38;2;107;101;156m▄[0m[48;2;0;0;0m[38;2;0;0;0m▄[0m[38;2;0;0;0m▀[0m              
                    [48;2;0;0;0m[38;2;0;0;0m▄[0m[48;2;110;100;154m[38;2;110;100;154m▄[0m[48;2;110;100;154m[38;2;88;80;143m▄[0m[48;2;0;0;0m[38;2;66;65;66m▄[0m[38;2;0;0;0m▄[0m              
                    [38;2;0;0;0m▄[0m[48;2;8;8;0m[38;2;54;51;74m▄[0m[48;2;101;94;148m[38;2;101;94;148m▄[0m[48;2;109;102;154m[38;2;109;102;154m▄[0m[48;2;109;102;154m[38;2;109;102;154m▄[0m[48;2;0;0;0m[38;2;0;0;0m▄[0m             
               [38;2;0;0;0m▄[0m  [38;2;0;0;0m▄[0m[48;2;0;0;0m[38;2;110;102;154m▄[0m[48;2;110;102;154m[38;2;110;102;154m▄[0m[48;2;110;102;154m[38;2;0;0;0m▄[0m[48;2;110;102;154m[38;2;110;102;154m▄[0m[48;2;110;102;154m[38;2;110;102;154m▄[0m[48;2;0;0;0m[38;2;0;0;0m▄[0m              
              [48;2;0;0;0m[38;2;0;0;0m▄[0m[48;2;88;80;142m[38;2;88;80;142m▄[0m[48;2;0;0;0m[38;2;0;0;0m▄[0m[38;2;0;0;0m▄[0m[48;2;0;0;0m[38;2;107;101;156m▄[0m[48;2;110;102;154m[38;2;110;102;154m▄[0m[48;2;0;0;0m[38;2;0;0;0m▄[0m [48;2;0;0;0m[38;2;0;0;0m▄[0m[48;2;110;102;154m[38;2;110;102;154m▄[0m[48;2;0;0;0m[38;2;110;102;154m▄[0m[38;2;0;0;0m▄[0m [38;2;0;0;0m▄[0m           
           [38;2;0;0;0m▄[0m[48;2;0;0;0m[38;2;90;81;148m▄[0m[38;2;0;0;0m▄[0m[48;2;0;0;0m[38;2;66;65;66m▄[0m[48;2;90;81;144m[38;2;66;65;66m▄[0m[48;2;90;81;144m[38;2;90;81;144m▄[0m[48;2;8;8;0m[38;2;49;47;71m▄[0m[48;2;90;86;142m[38;2;90;86;142m▄[0m[48;2;110;100;154m[38;2;88;80;143m▄[0m[48;2;110;100;154m[38;2;88;80;143m▄[0m[48;2;8;8;0m[38;2;54;51;74m▄[0m[48;2;101;94;148m[38;2;101;94;148m▄[0m[48;2;90;81;145m[38;2;90;81;145m▄[0m[48;2;90;81;145m[38;2;90;81;145m▄[0m[48;2;0;0;0m[38;2;88;80;142m▄[0m[48;2;0;0;0m[38;2;0;0;0m▄[0m[48;2;110;102;154m[38;2;110;102;154m▄[0m[48;2;0;0;0m[38;2;0;0;0m▄[0m          
           [48;2;0;0;0m[38;2;0;0;0m▄[0m[48;2;88;80;142m[38;2;88;80;142m▄[0m[48;2;66;65;66m[38;2;66;65;66m▄[0m[48;2;66;65;66m[38;2;90;81;144m▄[0m[48;2;65;87;101m[38;2;57;73;62m▄[0m[48;2;57;73;62m[38;2;74;101;140m▄[0m[48;2;66;65;66m[38;2;93;86;132m▄[0m[48;2;66;65;66m[38;2;107;97;165m▄[0m[48;2;66;65;66m[38;2;107;97;165m▄[0m[48;2;66;65;66m[38;2;93;86;132m▄[0m[48;2;90;81;144m[38;2;66;65;66m▄[0m[48;2;90;81;144m[38;2;66;65;66m▄[0m[48;2;57;73;62m[38;2;65;87;101m▄[0m[48;2;74;101;140m[38;2;57;73;62m▄[0m[48;2;0;0;0m[38;2;93;89;148m▄[0m[48;2;93;89;148m[38;2;93;89;148m▄[0m[48;2;110;102;154m[38;2;110;102;154m▄[0m[48;2;66;65;66m[38;2;66;65;66m▄[0m[48;2;0;0;0m[38;2;107;101;156m▄[0m[38;2;0;0;0m▄[0m        
           [38;2;0;0;0m▀[0m[48;2;90;81;148m[38;2;0;0;0m▄[0m[48;2;66;65;66m[38;2;90;81;144m▄[0m[48;2;90;81;144m[38;2;66;65;66m▄[0m[48;2;65;190;126m[38;2;57;129;96m▄[0m[48;2;49;69;66m[38;2;65;190;126m▄[0m[48;2;110;102;154m[38;2;66;65;66m▄[0m[48;2;110;102;154m[38;2;110;102;154m▄[0m[48;2;110;102;154m[38;2;66;65;66m▄[0m[48;2;110;102;154m[38;2;110;102;154m▄[0m[48;2;82;75;118m[38;2;82;75;118m▄[0m[48;2;82;75;118m[38;2;231;65;90m▄[0m[48;2;76;189;126m[38;2;76;189;126m▄[0m[48;2;66;65;66m[38;2;66;65;66m▄[0m[48;2;109;102;154m[38;2;109;102;154m▄[0m[48;2;109;102;154m[38;2;109;102;154m▄[0m[48;2;93;86;132m[38;2;66;65;66m▄[0m[48;2;66;65;66m[38;2;107;97;165m▄[0m[48;2;110;102;154m[38;2;110;102;154m▄[0m[48;2;0;0;0m[38;2;0;0;0m▄[0m        
          [38;2;0;0;0m▄[0m[38;2;0;0;0m▄[0m[48;2;0;0;0m[38;2;66;65;66m▄[0m[48;2;90;81;144m[38;2;90;81;144m▄[0m[48;2;66;65;66m[38;2;90;81;144m▄[0m[48;2;41;146;99m[38;2;101;113;93m▄[0m[48;2;41;146;99m[38;2;222;48;82m▄[0m[48;2;49;126;88m[38;2;74;190;132m▄[0m[48;2;0;0;0m[38;2;74;190;132m▄[0m[48;2;222;52;90m[38;2;24;109;99m▄[0m[48;2;90;90;96m[38;2;90;90;96m▄[0m[48;2;90;122;131m[38;2;90;122;131m▄[0m[48;2;99;158;156m[38;2;74;52;82m▄[0m[48;2;66;65;66m[38;2;66;65;66m▄[0m[48;2;107;97;165m[38;2;93;86;132m▄[0m[48;2;90;81;144m[38;2;90;81;144m▄[0m[48;2;66;65;66m[38;2;90;81;144m▄[0m[48;2;90;81;144m[38;2;90;81;144m▄[0m[48;2;90;81;144m[38;2;66;65;66m▄[0m[48;2;0;0;0m[38;2;0;0;0m▄[0m         
         [48;2;0;0;0m[38;2;0;0;0m▄[0m[48;2;71;67;120m[38;2;71;67;120m▄[0m[48;2;74;67;121m[38;2;74;67;121m▄[0m[48;2;74;67;121m[38;2;66;65;66m▄[0m[48;2;66;65;66m[38;2;110;102;154m▄[0m[48;2;110;102;154m[38;2;66;65;66m▄[0m[48;2;66;93;99m[38;2;66;93;99m▄[0m[48;2;255;255;255m[38;2;66;93;99m▄[0m[48;2;33;134;90m[38;2;255;255;255m▄[0m[48;2;255;255;255m[38;2;33;134;90m▄[0m[48;2;139;136;156m[38;2;255;255;255m▄[0m[48;2;82;77;107m[38;2;82;77;107m▄[0m[48;2;110;100;154m[38;2;88;80;143m▄[0m[48;2;88;80;143m[38;2;110;100;154m▄[0m[48;2;110;102;154m[38;2;110;102;154m▄[0m[48;2;66;65;66m[38;2;66;65;66m▄[0m[48;2;90;81;144m[38;2;90;81;144m▄[0m[48;2;66;65;66m[38;2;90;81;144m▄[0m[48;2;66;65;66m[38;2;90;81;144m▄[0m[48;2;90;81;144m[38;2;90;81;144m▄[0m[48;2;101;94;148m[38;2;101;94;148m▄[0m[48;2;8;8;0m[38;2;54;51;74m▄[0m[48;2;0;0;0m[38;2;110;102;154m▄[0m[48;2;0;0;0m[38;2;110;102;154m▄[0m[38;2;0;0;0m▄[0m     
        [38;2;0;0;0m▄[0m[48;2;8;4;0m[38;2;74;73;115m▄[0m[48;2;52;50;76m[38;2;74;73;115m▄[0m[48;2;66;65;66m[38;2;66;65;66m▄[0m[48;2;110;102;154m[38;2;110;102;154m▄[0m[48;2;110;102;154m[38;2;66;65;66m▄[0m[48;2;110;102;154m[38;2;66;65;66m▄[0m[48;2;107;101;156m[38;2;93;89;128m▄[0m[48;2;66;65;74m[38;2;107;101;156m▄[0m[48;2;66;65;66m[38;2;110;102;154m▄[0m[48;2;66;65;66m[38;2;110;102;154m▄[0m[48;2;88;80;143m[38;2;110;100;154m▄[0m[48;2;110;100;154m[38;2;110;100;154m▄[0m[48;2;93;89;128m[38;2;107;101;156m▄[0m[48;2;66;65;74m[38;2;107;101;156m▄[0m[48;2;66;65;66m[38;2;110;102;154m▄[0m[48;2;110;102;154m[38;2;110;102;154m▄[0m[48;2;110;100;154m[38;2;110;100;154m▄[0m[48;2;110;100;154m[38;2;88;80;143m▄[0m[48;2;66;65;66m[38;2;66;65;66m▄[0m[48;2;107;97;165m[38;2;93;86;132m▄[0m[48;2;66;65;66m[38;2;66;65;66m▄[0m[48;2;110;102;154m[38;2;110;102;154m▄[0m[48;2;107;101;156m[38;2;93;89;128m▄[0m[48;2;107;101;156m[38;2;66;65;74m▄[0m[48;2;98;92;148m[38;2;98;92;148m▄[0m[48;2;0;0;0m[38;2;0;0;0m▄[0m    
        [48;2;0;0;0m[38;2;0;0;0m▄[0m[48;2;73;67;121m[38;2;73;67;121m▄[0m[48;2;73;67;121m[38;2;73;67;121m▄[0m[48;2;66;65;66m[38;2;66;65;66m▄[0m[48;2;66;65;66m[38;2;110;102;154m▄[0m[48;2;110;100;154m[38;2;88;80;143m▄[0m[48;2;110;100;154m[38;2;88;80;143m▄[0m[48;2;110;102;154m[38;2;110;102;154m▄[0m[48;2;110;102;154m[38;2;66;65;66m▄[0m[48;2;57;69;74m[38;2;214;89;165m▄[0m[48;2;135;79;119m[38;2;57;69;74m▄[0m[48;2;110;100;154m[38;2;110;100;154m▄[0m[48;2;88;80;143m[38;2;110;100;154m▄[0m[48;2;66;65;66m[38;2;110;102;154m▄[0m[48;2;66;65;66m[38;2;110;102;154m▄[0m[48;2;66;65;66m[38;2;90;81;144m▄[0m[48;2;90;81;144m[38;2;66;65;66m▄[0m[48;2;90;81;144m[38;2;66;65;66m▄[0m[48;2;90;81;144m[38;2;90;81;144m▄[0m[48;2;90;81;144m[38;2;90;81;144m▄[0m[48;2;66;65;66m[38;2;66;65;66m▄[0m[48;2;66;65;66m[38;2;66;65;66m▄[0m[48;2;66;65;66m[38;2;110;102;154m▄[0m[48;2;110;100;154m[38;2;110;100;154m▄[0m[48;2;110;100;154m[38;2;88;80;143m▄[0m[48;2;54;51;74m[38;2;101;94;148m▄[0m[48;2;8;8;0m[38;2;101;94;148m▄[0m[38;2;0;0;0m▄[0m   
         [48;2;0;0;0m[38;2;0;0;0m▄[0m[48;2;71;67;120m[38;2;71;67;120m▄[0m[48;2;54;52;82m[38;2;82;77;123m▄[0m[48;2;82;77;123m[38;2;0;4;0m▄[0m[48;2;66;65;74m[38;2;93;89;128m▄[0m[48;2;107;101;156m[38;2;107;101;156m▄[0m[48;2;57;69;74m[38;2;135;79;119m▄[0m[48;2;214;89;165m[38;2;57;69;74m▄[0m[48;2;231;81;140m[38;2;231;81;140m▄[0m[48;2;231;81;140m[38;2;66;65;66m▄[0m[48;2;66;65;66m[38;2;110;102;154m▄[0m[48;2;110;102;154m[38;2;110;102;154m▄[0m[48;2;88;80;143m[38;2;110;100;154m▄[0m[48;2;88;80;143m[38;2;110;100;154m▄[0m[48;2;110;102;154m[38;2;66;65;66m▄[0m[48;2;110;102;154m[38;2;66;65;66m▄[0m[48;2;90;81;144m[38;2;90;81;144m▄[0m[48;2;66;65;66m[38;2;90;81;144m▄[0m[48;2;99;93;140m[38;2;53;52;70m▄[0m[48;2;53;52;70m[38;2;8;12;0m▄[0m[48;2;93;89;128m[38;2;66;65;74m▄[0m[48;2;107;101;156m[38;2;107;101;156m▄[0m[48;2;88;80;143m[38;2;88;80;143m▄[0m[48;2;110;100;154m[38;2;110;100;154m▄[0m[48;2;110;100;154m[38;2;110;100;154m▄[0m[48;2;110;100;154m[38;2;88;80;143m▄[0m[48;2;0;0;0m[38;2;0;0;0m▄[0m   
 [38;2;0;0;0m▄[0m  [38;2;0;0;0m▄[0m[48;2;0;0;0m[38;2;110;102;154m▄[0m[48;2;0;0;0m[38;2;110;102;154m▄[0m[38;2;0;0;0m▄[0m[48;2;0;0;0m[38;2;66;65;66m▄[0m[48;2;90;81;144m[38;2;90;81;144m▄[0m[48;2;66;65;66m[38;2;90;81;144m▄[0m[48;2;54;52;76m[38;2;0;4;0m▄[0m[48;2;82;77;115m[38;2;0;4;0m▄[0m[38;2;0;0;0m▀[0m[48;2;107;101;156m[38;2;0;0;0m▄[0m[48;2;110;102;154m[38;2;0;0;0m▄[0m[48;2;110;102;154m[38;2;110;102;154m▄[0m[48;2;66;65;66m[38;2;110;102;154m▄[0m[48;2;110;102;154m[38;2;110;102;154m▄[0m[48;2;107;97;165m[38;2;66;65;66m▄[0m[48;2;66;65;66m[38;2;93;86;132m▄[0m[48;2;107;101;156m[38;2;66;65;74m▄[0m[48;2;107;101;156m[38;2;93;89;128m▄[0m[48;2;110;100;154m[38;2;88;80;143m▄[0m[48;2;88;80;143m[38;2;88;80;143m▄[0m[48;2;60;56;88m[38;2;0;0;0m▄[0m[48;2;90;85;132m[38;2;0;0;0m▄[0m[38;2;0;0;0m▀[0m [38;2;0;0;0m▀[0m[48;2;90;81;148m[38;2;0;0;0m▄[0m[48;2;93;86;132m[38;2;66;65;66m▄[0m[48;2;66;65;66m[38;2;107;97;165m▄[0m[48;2;49;47;71m[38;2;90;86;142m▄[0m[48;2;90;86;142m[38;2;8;8;0m▄[0m[38;2;0;0;0m▀[0m   
[48;2;0;0;0m[38;2;0;0;0m▄[0m[48;2;112;104;154m[38;2;112;104;154m▄[0m[48;2;8;4;0m[38;2;60;54;77m▄[0m[38;2;0;0;0m▄[0m[38;2;0;0;0m▄[0m[48;2;8;12;0m[38;2;53;52;70m▄[0m[48;2;53;52;70m[38;2;99;93;140m▄[0m[48;2;107;97;165m[38;2;66;65;66m▄[0m[48;2;93;86;132m[38;2;66;65;66m▄[0m[48;2;66;65;66m[38;2;0;0;0m▄[0m[38;2;0;0;0m▀[0m    [38;2;0;0;0m▄[0m[48;2;0;0;0m[38;2;66;65;66m▄[0m[48;2;107;101;156m[38;2;93;89;128m▄[0m[48;2;66;65;74m[38;2;107;101;156m▄[0m[48;2;90;81;144m[38;2;66;65;66m▄[0m[48;2;90;81;144m[38;2;90;81;144m▄[0m[48;2;90;86;142m[38;2;90;86;142m▄[0m[48;2;49;47;71m[38;2;8;8;0m▄[0m[38;2;0;0;0m▀[0m[38;2;0;0;0m▀[0m      [38;2;0;0;0m▀[0m[48;2;90;81;148m[38;2;0;0;0m▄[0m[48;2;90;81;144m[38;2;66;65;66m▄[0m[48;2;90;81;144m[38;2;66;65;66m▄[0m[48;2;0;0;0m[38;2;0;0;0m▄[0m   
[38;2;0;0;0m▀[0m[48;2;90;86;142m[38;2;8;8;0m▄[0m[48;2;90;86;142m[38;2;49;47;71m▄[0m[48;2;66;65;66m[38;2;66;65;66m▄[0m[48;2;66;65;66m[38;2;90;81;144m▄[0m[48;2;93;89;128m[38;2;107;101;156m▄[0m[48;2;107;101;156m[38;2;66;65;74m▄[0m[48;2;60;56;88m[38;2;90;85;132m▄[0m[48;2;0;0;0m[38;2;0;0;0m▄[0m    [38;2;0;0;0m▄[0m[48;2;0;0;0m[38;2;90;81;148m▄[0m[48;2;93;86;132m[38;2;66;65;66m▄[0m[48;2;66;65;66m[38;2;107;97;165m▄[0m[48;2;107;101;156m[38;2;93;89;128m▄[0m[48;2;66;65;74m[38;2;107;101;156m▄[0m[48;2;90;81;144m[38;2;66;65;66m▄[0m[48;2;90;81;144m[38;2;66;65;66m▄[0m[48;2;66;65;74m[38;2;107;101;156m▄[0m[48;2;93;89;128m[38;2;107;101;156m▄[0m[48;2;0;0;0m[38;2;110;102;154m▄[0m[48;2;0;0;0m[38;2;110;102;154m▄[0m[38;2;0;0;0m▄[0m    [38;2;0;0;0m▄[0m[48;2;0;0;0m[38;2;110;102;154m▄[0m[48;2;110;102;154m[38;2;110;102;154m▄[0m[48;2;107;97;165m[38;2;66;60;74m▄[0m[48;2;93;84;134m[38;2;93;84;134m▄[0m[48;2;53;52;70m[38;2;53;52;70m▄[0m[48;2;8;12;0m[38;2;99;93;140m▄[0m[38;2;0;0;0m▄[0m 
 [48;2;0;0;0m[38;2;0;0;0m▄[0m[48;2;110;102;154m[38;2;110;102;154m▄[0m[48;2;66;65;66m[38;2;107;97;165m▄[0m[48;2;93;86;132m[38;2;66;65;66m▄[0m[48;2;60;56;88m[38;2;0;0;0m▄[0m[48;2;90;85;132m[38;2;0;0;0m▄[0m[38;2;0;0;0m▀[0m     [38;2;0;0;0m▀[0m[48;2;90;81;148m[38;2;0;0;0m▄[0m[48;2;66;65;66m[38;2;90;81;144m▄[0m[48;2;90;81;144m[38;2;66;65;66m▄[0m[48;2;110;100;154m[38;2;110;100;154m▄[0m[48;2;88;80;143m[38;2;110;100;154m▄[0m[48;2;66;65;66m[38;2;66;65;66m▄[0m[48;2;93;86;132m[38;2;107;97;165m▄[0m[48;2;110;102;154m[38;2;110;102;154m▄[0m[48;2;110;102;154m[38;2;66;65;66m▄[0m[48;2;93;89;128m[38;2;107;101;156m▄[0m[48;2;66;65;74m[38;2;107;101;156m▄[0m[48;2;0;0;0m[38;2;90;81;148m▄[0m[38;2;0;0;0m▄[0m   [38;2;0;0;0m▀[0m[48;2;61;58;74m[38;2;8;8;0m▄[0m[48;2;115;109;148m[38;2;61;58;74m▄[0m[48;2;66;65;66m[38;2;90;81;144m▄[0m[48;2;66;65;66m[38;2;66;65;66m▄[0m[48;2;66;65;66m[38;2;66;65;66m▄[0m[48;2;90;81;144m[38;2;66;65;66m▄[0m[48;2;0;0;0m[38;2;90;81;148m▄[0m[38;2;0;0;0m▄[0m
  [38;2;0;0;0m▀[0m[38;2;0;0;0m▀[0m[38;2;0;0;0m▀[0m        [48;2;0;0;0m[38;2;0;0;0m▄[0m[48;2;88;80;142m[38;2;88;80;142m▄[0m[48;2;82;73;120m[38;2;90;77;148m▄[0m[48;2;90;77;148m[38;2;66;65;66m▄[0m[48;2;57;56;76m[38;2;82;81;115m▄[0m[48;2;57;56;76m[38;2;8;8;0m▄[0m[38;2;0;0;0m▀[0m[48;2;90;81;148m[38;2;0;0;0m▄[0m[48;2;66;65;66m[38;2;66;65;66m▄[0m[48;2;107;97;165m[38;2;93;86;132m▄[0m[48;2;110;100;154m[38;2;110;100;154m▄[0m[48;2;88;80;143m[38;2;88;80;143m▄[0m[48;2;110;102;154m[38;2;110;102;154m▄[0m[48;2;0;0;0m[38;2;0;0;0m▄[0m   [38;2;0;0;0m▄[0m[48;2;8;8;0m[38;2;101;94;148m▄[0m[48;2;101;94;148m[38;2;54;51;74m▄[0m[48;2;66;65;66m[38;2;66;65;66m▄[0m[48;2;110;102;154m[38;2;110;102;154m▄[0m[48;2;66;60;74m[38;2;107;97;165m▄[0m[48;2;93;84;134m[38;2;93;84;134m▄[0m[48;2;110;102;154m[38;2;110;102;154m▄[0m[48;2;0;0;0m[38;2;0;0;0m▄[0m
             [48;2;0;0;0m[38;2;0;0;0m▄[0m[48;2;88;80;142m[38;2;88;80;142m▄[0m[48;2;74;67;121m[38;2;74;67;121m▄[0m[48;2;66;65;66m[38;2;74;67;121m▄[0m[48;2;74;67;119m[38;2;0;0;0m▄[0m[38;2;0;0;0m▀[0m  [48;2;0;0;0m[38;2;0;0;0m▄[0m[48;2;88;80;142m[38;2;88;80;142m▄[0m[48;2;110;100;154m[38;2;88;80;143m▄[0m[48;2;110;100;154m[38;2;110;100;154m▄[0m[48;2;88;80;143m[38;2;110;100;154m▄[0m[48;2;110;100;154m[38;2;88;80;143m▄[0m[48;2;0;0;0m[38;2;0;0;0m▄[0m  [38;2;0;0;0m▀[0m[48;2;110;102;154m[38;2;0;0;0m▄[0m[48;2;110;102;154m[38;2;110;102;154m▄[0m[48;2;66;65;66m[38;2;110;102;154m▄[0m[48;2;66;65;66m[38;2;66;65;66m▄[0m[48;2;110;102;154m[38;2;0;0;0m▄[0m[48;2;110;102;154m[38;2;0;0;0m▄[0m[48;2;107;101;156m[38;2;0;0;0m▄[0m[38;2;0;0;0m▀[0m
            [48;2;0;0;0m[38;2;0;0;0m▄[0m[48;2;90;81;144m[38;2;90;81;144m▄[0m[48;2;66;65;66m[38;2;66;65;66m▄[0m[48;2;78;71;127m[38;2;78;71;127m▄[0m[48;2;0;0;0m[38;2;78;71;127m▄[0m[38;2;0;0;0m▄[0m    [38;2;0;0;0m▀[0m[48;2;101;94;148m[38;2;8;8;0m▄[0m[48;2;101;94;148m[38;2;54;51;74m▄[0m[48;2;61;58;74m[38;2;115;109;148m▄[0m[48;2;8;8;0m[38;2;61;58;74m▄[0m[38;2;0;0;0m▄[0m    [38;2;0;0;0m▀[0m[38;2;0;0;0m▀[0m[38;2;0;0;0m▀[0m    
            [48;2;0;0;0m[38;2;0;0;0m▄[0m[48;2;66;65;66m[38;2;90;77;148m▄[0m[48;2;90;77;148m[38;2;82;73;120m▄[0m[48;2;71;67;120m[38;2;71;67;120m▄[0m[48;2;71;67;120m[38;2;0;0;0m▄[0m[38;2;0;0;0m▀[0m    [48;2;0;0;0m[38;2;0;0;0m▄[0m[48;2;88;80;143m[38;2;88;80;143m▄[0m[48;2;110;100;154m[38;2;110;100;154m▄[0m[48;2;66;60;74m[38;2;107;97;165m▄[0m[48;2;93;84;134m[38;2;93;84;134m▄[0m[48;2;0;0;0m[38;2;0;0;0m▄[0m           
           [38;2;0;0;0m▄[0m[48;2;0;0;0m[38;2;66;65;66m▄[0m[48;2;73;65;121m[38;2;90;79;143m▄[0m[48;2;90;79;143m[38;2;73;65;121m▄[0m[48;2;0;0;0m[38;2;0;0;0m▄[0m       [48;2;0;0;0m[38;2;0;0;0m▄[0m[48;2;88;80;142m[38;2;88;80;142m▄[0m[48;2;110;100;154m[38;2;88;80;143m▄[0m[48;2;110;100;154m[38;2;110;100;154m▄[0m[48;2;0;0;0m[38;2;66;65;66m▄[0m[38;2;0;0;0m▄[0m          
          [38;2;0;0;0m▀[0m[48;2;88;80;142m[38;2;0;0;0m▄[0m[48;2;88;80;142m[38;2;0;0;0m▄[0m[48;2;74;67;119m[38;2;0;0;0m▄[0m[38;2;0;0;0m▀[0m         [38;2;0;0;0m▀[0m[48;2;90;86;142m[38;2;8;8;0m▄[0m[48;2;90;86;142m[38;2;49;47;71m▄[0m[48;2;101;94;148m[38;2;101;94;148m▄[0m[48;2;8;8;0m[38;2;54;51;74m▄[0m[38;2;0;0;0m▄[0m[38;2;0;0;0m▄[0m        
                         [38;2;0;0;0m▀[0m[48;2;107;101;156m[38;2;0;0;0m▄[0m[48;2;57;55;74m[38;2;0;4;0m▄[0m[48;2;115;106;148m[38;2;0;4;0m▄[0m[48;2;90;81;148m[38;2;0;0;0m▄[0m[38;2;0;0;0m▀[0m        
