           [38;2;0;0;0m▄[0m[38;2;0;0;0m▄[0m [38;2;0;0;0m▄[0m[48;2;0;0;0m[38;2;255;255;247m▄[0m[48;2;0;0;0m[38;2;255;255;247m▄[0m[38;2;0;0;0m▄[0m              
        [38;2;0;0;0m▄[0m[48;2;0;0;0m[38;2;255;255;247m▄[0m[48;2;0;0;0m[38;2;140;113;107m▄[0m[48;2;255;81;82m[38;2;178;103;98m▄[0m[48;2;255;81;82m[38;2;178;103;98m▄[0m[48;2;0;0;0m[38;2;66;65;66m▄[0m[48;2;255;255;247m[38;2;255;255;247m▄[0m[48;2;255;255;247m[38;2;74;65;66m▄[0m[48;2;255;255;247m[38;2;131;120;104m▄[0m[48;2;255;255;247m[38;2;247;231;181m▄[0m[48;2;0;0;0m[38;2;0;0;0m▄[0m             
        [48;2;0;0;0m[38;2;0;0;0m▄[0m[48;2;255;255;247m[38;2;255;243;214m▄[0m[48;2;255;255;247m[38;2;255;243;214m▄[0m[48;2;178;103;98m[38;2;247;231;181m▄[0m[48;2;255;255;247m[38;2;255;255;247m▄[0m[48;2;255;255;247m[38;2;255;255;247m▄[0m[48;2;66;65;66m[38;2;140;113;107m▄[0m[48;2;247;231;181m[38;2;255;255;247m▄[0m[48;2;247;231;181m[38;2;255;255;247m▄[0m[48;2;247;231;181m[38;2;247;231;181m▄[0m[48;2;0;0;0m[38;2;140;115;107m▄[0m[38;2;0;0;0m▄[0m            
        [38;2;0;0;0m▄[0m[48;2;8;0;0m[38;2;255;255;247m▄[0m[48;2;131;121;107m[38;2;255;255;247m▄[0m[48;2;255;255;247m[38;2;156;105;107m▄[0m[48;2;255;255;247m[38;2;156;105;107m▄[0m[48;2;140;113;107m[38;2;247;231;181m▄[0m[48;2;255;255;247m[38;2;247;231;181m▄[0m[48;2;255;255;247m[38;2;216;209;195m▄[0m[48;2;247;231;181m[38;2;140;117;107m▄[0m[48;2;247;231;181m[38;2;148;121;99m▄[0m[48;2;140;115;107m[38;2;255;255;239m▄[0m[48;2;255;255;247m[38;2;255;255;247m▄[0m[48;2;0;0;0m[38;2;255;255;247m▄[0m[38;2;0;0;0m▄[0m          
       [48;2;0;0;0m[38;2;0;0;0m▄[0m[48;2;247;231;181m[38;2;255;231;189m▄[0m[48;2;255;255;247m[38;2;247;231;181m▄[0m[48;2;140;113;107m[38;2;131;120;104m▄[0m[48;2;255;247;247m[38;2;255;93;82m▄[0m[48;2;189;152;153m[38;2;249;201;186m▄[0m[48;2;140;115;107m[38;2;255;199;192m▄[0m[48;2;140;115;107m[38;2;255;255;247m▄[0m[48;2;140;117;107m[38;2;201;160;144m▄[0m[48;2;255;255;239m[38;2;148;105;107m▄[0m[48;2;255;255;239m[38;2;255;255;239m▄[0m[48;2;219;210;192m[38;2;140;117;107m▄[0m[48;2;255;255;247m[38;2;255;255;247m▄[0m[48;2;255;255;247m[38;2;247;231;181m▄[0m[48;2;0;0;0m[38;2;247;231;181m▄[0m[38;2;0;0;0m▄[0m         
       [48;2;0;0;0m[38;2;0;0;0m▄[0m[48;2;127;115;94m[38;2;247;231;181m▄[0m[48;2;247;231;181m[38;2;140;115;107m▄[0m[48;2;74;65;66m[38;2;140;115;107m▄[0m[48;2;249;201;186m[38;2;74;65;66m▄[0m[48;2;247;255;239m[38;2;247;231;181m▄[0m[48;2;255;255;247m[38;2;247;231;181m▄[0m[48;2;255;89;82m[38;2;247;231;181m▄[0m[48;2;255;215;181m[38;2;134;117;104m▄[0m[48;2;148;105;107m[38;2;74;60;66m▄[0m[48;2;216;209;195m[38;2;247;231;181m▄[0m[48;2;140;117;107m[38;2;247;231;181m▄[0m[48;2;247;231;181m[38;2;140;115;107m▄[0m[48;2;247;231;181m[38;2;247;231;181m▄[0m[48;2;247;231;181m[38;2;247;231;181m▄[0m[48;2;0;0;0m[38;2;0;0;0m▄[0m         
       [38;2;0;0;0m▄[0m[48;2;0;0;0m[38;2;169;168;169m▄[0m[48;2;66;65;66m[38;2;196;195;196m▄[0m[48;2;66;65;66m[38;2;196;195;196m▄[0m[48;2;247;231;181m[38;2;64;63;64m▄[0m[48;2;131;120;104m[38;2;231;230;231m▄[0m[48;2;140;115;107m[38;2;66;65;66m▄[0m[48;2;140;115;107m[38;2;66;65;66m▄[0m[48;2;255;231;181m[38;2;66;65;66m▄[0m[48;2;134;117;104m[38;2;198;223;222m▄[0m[48;2;66;65;66m[38;2;131;120;104m▄[0m[48;2;247;231;181m[38;2;74;65;66m▄[0m[48;2;140;115;107m[38;2;66;67;66m▄[0m[48;2;247;231;181m[38;2;0;0;0m▄[0m[38;2;0;0;0m▀[0m          
       [48;2;0;0;0m[38;2;0;0;0m▄[0m[48;2;169;168;169m[38;2;203;202;203m▄[0m[48;2;150;149;150m[38;2;169;168;169m▄[0m[48;2;60;59;60m[38;2;66;65;66m▄[0m[48;2;147;146;147m[38;2;137;136;137m▄[0m[48;2;64;63;64m[38;2;66;65;66m▄[0m[48;2;203;202;203m[38;2;159;158;159m▄[0m[48;2;203;202;203m[38;2;159;158;159m▄[0m[48;2;216;215;216m[38;2;169;168;169m▄[0m[48;2;66;65;66m[38;2;66;65;66m▄[0m[48;2;247;231;181m[38;2;255;255;247m▄[0m[48;2;247;231;181m[38;2;255;255;247m▄[0m[48;2;0;0;0m[38;2;247;251;247m▄[0m[38;2;0;0;0m▄[0m           
        [48;2;0;0;0m[38;2;0;0;0m▄[0m[48;2;66;65;66m[38;2;150;149;150m▄[0m[48;2;169;168;169m[38;2;196;195;196m▄[0m[48;2;66;65;66m[38;2;66;65;66m▄[0m[48;2;137;136;137m[38;2;216;215;216m▄[0m[48;2;66;65;66m[38;2;159;158;159m▄[0m[48;2;159;158;159m[38;2;66;65;66m▄[0m[48;2;169;168;169m[38;2;66;65;66m▄[0m[48;2;66;65;66m[38;2;247;231;181m▄[0m[48;2;255;255;247m[38;2;255;243;214m▄[0m[48;2;255;255;247m[38;2;66;65;66m▄[0m[48;2;82;83;82m[38;2;140;115;107m▄[0m[48;2;0;0;0m[38;2;247;231;181m▄[0m[38;2;0;0;0m▄[0m          
       [48;2;0;0;0m[38;2;0;4;8m▄[0m[48;2;137;136;137m[38;2;58;57;58m▄[0m[48;2;196;195;196m[38;2;206;205;206m▄[0m[48;2;60;59;60m[38;2;65;64;65m▄[0m[48;2;198;223;222m[38;2;247;231;181m▄[0m[48;2;66;65;66m[38;2;66;65;66m▄[0m[48;2;159;158;159m[38;2;203;202;203m▄[0m[48;2;159;158;159m[38;2;137;136;137m▄[0m[48;2;66;65;66m[38;2;66;65;66m▄[0m[48;2;66;65;66m[38;2;247;231;181m▄[0m[48;2;66;65;66m[38;2;140;113;107m▄[0m[48;2;255;243;214m[38;2;140;113;107m▄[0m[48;2;247;231;181m[38;2;152;99;107m▄[0m[48;2;140;115;107m[38;2;66;69;66m▄[0m[48;2;0;0;0m[38;2;247;231;181m▄[0m[38;2;0;0;0m▄[0m         
      [38;2;0;0;0m▄[0m[48;2;0;4;8m[38;2;255;255;247m▄[0m[48;2;231;138;140m[38;2;239;122;148m▄[0m[48;2;65;64;65m[38;2;255;199;222m▄[0m[48;2;162;152;173m[38;2;234;127;139m▄[0m[48;2;126;120;104m[38;2;230;132;131m▄[0m[48;2;66;65;66m[38;2;230;132;131m▄[0m[48;2;203;202;203m[38;2;66;65;66m▄[0m[48;2;137;136;137m[38;2;66;65;66m▄[0m[48;2;66;65;66m[38;2;230;132;131m▄[0m[48;2;126;120;104m[38;2;238;122;148m▄[0m[48;2;239;121;148m[38;2;239;117;148m▄[0m[48;2;239;121;148m[38;2;249;203;219m▄[0m[48;2;239;130;148m[38;2;239;125;148m▄[0m[48;2;66;69;66m[38;2;255;255;239m▄[0m[48;2;247;231;181m[38;2;79;71;57m▄[0m[48;2;0;0;0m[38;2;0;0;0m▄[0m         
      [48;2;0;0;0m[38;2;0;0;0m▄[0m[48;2;255;255;247m[38;2;82;65;66m▄[0m[48;2;255;255;247m[38;2;255;231;156m▄[0m[48;2;255;199;222m[38;2;255;255;247m▄[0m[48;2;234;127;139m[38;2;219;209;200m▄[0m[48;2;255;199;222m[38;2;255;255;247m▄[0m[48;2;255;199;222m[38;2;239;122;148m▄[0m[48;2;194;144;164m[38;2;252;209;208m▄[0m[48;2;255;186;214m[38;2;252;209;208m▄[0m[48;2;238;122;148m[38;2;255;251;247m▄[0m[48;2;238;122;148m[38;2;249;227;208m▄[0m[48;2;249;203;219m[38;2;216;209;195m▄[0m[48;2;255;247;255m[38;2;255;255;239m▄[0m[48;2;249;211;208m[38;2;198;219;222m▄[0m[48;2;249;211;208m[38;2;140;113;107m▄[0m[48;2;239;215;173m[38;2;131;120;104m▄[0m[48;2;159;143;115m[38;2;247;231;181m▄[0m[48;2;0;0;0m[38;2;0;0;0m▄[0m        
     [38;2;0;0;0m▄[0m[48;2;0;0;0m[38;2;255;247;222m▄[0m[48;2;197;175;126m[38;2;255;195;107m▄[0m[48;2;139;120;96m[38;2;123;173;205m▄[0m[48;2;148;117;107m[38;2;41;113;239m▄[0m[48;2;219;209;200m[38;2;139;113;107m▄[0m[48;2;255;255;247m[38;2;140;115;107m▄[0m[48;2;255;255;247m[38;2;140;115;107m▄[0m[48;2;252;209;208m[38;2;140;115;107m▄[0m[48;2;255;255;247m[38;2;140;115;107m▄[0m[48;2;255;251;247m[38;2;178;133;101m▄[0m[48;2;247;215;189m[38;2;178;133;101m▄[0m[48;2;140;117;107m[38;2;140;207;255m▄[0m[48;2;140;117;107m[38;2;255;174;90m▄[0m[48;2;140;113;107m[38;2;255;186;90m▄[0m[48;2;198;219;222m[38;2;255;186;90m▄[0m[48;2;74;65;66m[38;2;164;186;218m▄[0m[48;2;247;231;181m[38;2;82;117;181m▄[0m[48;2;0;0;0m[38;2;0;0;0m▄[0m        
    [48;2;0;0;0m[38;2;0;0;0m▄[0m[48;2;255;247;222m[38;2;247;239;206m▄[0m[48;2;255;247;222m[38;2;247;239;206m▄[0m[48;2;123;173;205m[38;2;41;113;239m▄[0m[48;2;57;162;255m[38;2;41;113;239m▄[0m[48;2;41;113;239m[38;2;144;188;230m▄[0m[48;2;41;113;239m[38;2;41;130;255m▄[0m[48;2;140;207;255m[38;2;41;113;239m▄[0m[48;2;140;207;255m[38;2;140;207;255m▄[0m[48;2;140;207;255m[38;2;140;207;255m▄[0m[48;2;140;207;255m[38;2;255;174;90m▄[0m[48;2;178;133;101m[38;2;255;186;90m▄[0m[48;2;140;207;255m[38;2;255;186;90m▄[0m[48;2;140;207;255m[38;2;144;188;230m▄[0m[48;2;140;207;255m[38;2;144;188;230m▄[0m[48;2;255;186;90m[38;2;255;247;222m▄[0m[48;2;140;207;255m[38;2;41;113;239m▄[0m[48;2;82;117;181m[38;2;247;231;181m▄[0m[48;2;247;255;255m[38;2;247;231;181m▄[0m[48;2;140;113;107m[38;2;82;75;60m▄[0m[48;2;0;0;0m[38;2;0;0;0m▄[0m       
     [48;2;0;0;0m[38;2;0;0;0m▄[0m[48;2;247;239;206m[38;2;82;66;74m▄[0m[48;2;255;243;214m[38;2;216;209;195m▄[0m[48;2;255;243;214m[38;2;255;255;239m▄[0m[48;2;144;188;230m[38;2;255;255;247m▄[0m[48;2;247;247;206m[38;2;255;255;247m▄[0m[48;2;41;113;239m[38;2;247;231;181m▄[0m[48;2;41;113;239m[38;2;247;231;181m▄[0m[48;2;140;207;255m[38;2;255;255;247m▄[0m[48;2;140;207;255m[38;2;41;113;239m▄[0m[48;2;255;186;90m[38;2;41;113;239m▄[0m[48;2;140;207;255m[38;2;247;239;206m▄[0m[48;2;247;247;206m[38;2;255;255;247m▄[0m[48;2;41;130;255m[38;2;255;255;247m▄[0m[48;2;255;247;222m[38;2;247;231;181m▄[0m[48;2;255;247;222m[38;2;247;231;181m▄[0m[48;2;247;231;181m[38;2;129;111;121m▄[0m[48;2;66;65;66m[38;2;66;69;66m▄[0m[48;2;247;227;181m[38;2;247;231;181m▄[0m[48;2;0;0;0m[38;2;0;0;0m▄[0m       
     [48;2;0;0;0m[38;2;0;4;16m▄[0m[48;2;247;199;222m[38;2;170;139;175m▄[0m[48;2;140;117;107m[38;2;186;155;184m▄[0m[48;2;140;117;107m[38;2;247;186;239m▄[0m[48;2;247;231;181m[38;2;140;114;107m▄[0m[48;2;255;255;247m[38;2;140;114;107m▄[0m[48;2;247;231;181m[38;2;140;115;107m▄[0m[48;2;255;255;247m[38;2;140;115;107m▄[0m[48;2;255;255;247m[38;2;247;231;181m▄[0m[48;2;255;255;247m[38;2;247;231;181m▄[0m[48;2;247;239;206m[38;2;139;115;106m▄[0m[48;2;247;239;206m[38;2;139;115;106m▄[0m[48;2;255;255;247m[38;2;139;115;106m▄[0m[48;2;140;113;107m[38;2;255;199;222m▄[0m[48;2;140;115;107m[38;2;255;199;222m▄[0m[48;2;140;115;107m[38;2;255;199;222m▄[0m[48;2;255;195;231m[38;2;255;199;222m▄[0m[48;2;192;153;176m[38;2;181;148;197m▄[0m[48;2;82;77;60m[38;2;66;65;66m▄[0m[48;2;247;231;181m[38;2;247;231;181m▄[0m[48;2;0;0;0m[38;2;0;0;0m▄[0m      
   [38;2;0;0;0m▄[0m[48;2;0;0;0m[38;2;255;243;214m▄[0m[48;2;255;207;255m[38;2;233;216;217m▄[0m[48;2;170;139;175m[38;2;189;146;189m▄[0m[48;2;186;155;184m[38;2;181;162;198m▄[0m[48;2;66;93;74m[38;2;82;121;57m▄[0m[48;2;140;190;107m[38;2;74;99;65m▄[0m[48;2;140;190;107m[38;2;74;99;65m▄[0m[48;2;181;150;198m[38;2;181;148;198m▄[0m[48;2;181;150;198m[38;2;181;148;198m▄[0m[48;2;140;115;107m[38;2;181;148;197m▄[0m[48;2;140;115;107m[38;2;255;199;222m▄[0m[48;2;255;199;222m[38;2;255;199;222m▄[0m[48;2;255;199;222m[38;2;255;199;222m▄[0m[48;2;255;199;222m[38;2;181;148;197m▄[0m[48;2;255;199;222m[38;2;181;148;197m▄[0m[48;2;255;199;222m[38;2;181;148;197m▄[0m[48;2;181;148;197m[38;2;255;199;222m▄[0m[48;2;181;148;197m[38;2;255;198;222m▄[0m[48;2;255;199;222m[38;2;255;198;222m▄[0m[48;2;66;65;66m[38;2;255;255;239m▄[0m[48;2;247;231;181m[38;2;148;121;99m▄[0m[48;2;0;0;0m[38;2;0;0;0m▄[0m      
   [38;2;0;0;0m▀[0m[48;2;255;243;214m[38;2;0;0;0m▄[0m[48;2;233;216;217m[38;2;255;255;247m▄[0m[48;2;255;251;231m[38;2;255;255;247m▄[0m[48;2;181;162;198m[38;2;255;251;247m▄[0m[48;2;131;141;127m[38;2;249;227;208m▄[0m[48;2;140;190;107m[38;2;255;255;247m▄[0m[48;2;74;99;65m[38;2;255;198;222m▄[0m[48;2;181;148;198m[38;2;181;146;198m▄[0m[48;2;181;148;198m[38;2;181;146;198m▄[0m[48;2;181;148;197m[38;2;255;198;222m▄[0m[48;2;181;148;197m[38;2;255;198;222m▄[0m[48;2;181;148;197m[38;2;255;198;222m▄[0m[48;2;181;148;197m[38;2;255;198;222m▄[0m[48;2;255;199;222m[38;2;255;198;222m▄[0m[48;2;255;199;222m[38;2;255;198;222m▄[0m[48;2;255;199;222m[38;2;255;255;247m▄[0m[48;2;255;199;222m[38;2;255;198;222m▄[0m[48;2;255;198;222m[38;2;255;255;247m▄[0m[48;2;255;255;247m[38;2;255;255;247m▄[0m[48;2;219;210;192m[38;2;255;243;214m▄[0m[48;2;219;210;192m[38;2;255;243;214m▄[0m[48;2;140;113;107m[38;2;82;75;60m▄[0m[48;2;0;0;0m[38;2;0;0;0m▄[0m     
    [48;2;0;0;0m[38;2;0;0;0m▄[0m[48;2;140;113;107m[38;2;255;255;239m▄[0m[48;2;255;255;247m[38;2;156;121;90m▄[0m[48;2;247;215;189m[38;2;247;231;181m▄[0m[48;2;255;251;247m[38;2;247;231;181m▄[0m[48;2;255;255;247m[38;2;255;255;239m▄[0m[48;2;255;255;247m[38;2;219;210;192m▄[0m[48;2;230;213;230m[38;2;255;255;247m▄[0m[48;2;255;247;247m[38;2;255;255;247m▄[0m[48;2;255;198;222m[38;2;255;255;239m▄[0m[48;2;255;198;222m[38;2;216;209;195m▄[0m[48;2;255;198;222m[38;2;255;255;247m▄[0m[48;2;255;255;247m[38;2;255;255;247m▄[0m[48;2;255;198;222m[38;2;255;255;239m▄[0m[48;2;255;255;247m[38;2;219;210;192m▄[0m[48;2;255;255;247m[38;2;255;255;239m▄[0m[48;2;255;255;247m[38;2;216;209;195m▄[0m[48;2;247;231;181m[38;2;140;113;107m▄[0m[48;2;255;255;247m[38;2;140;113;107m▄[0m[48;2;134;121;115m[38;2;255;251;189m▄[0m[48;2;74;60;66m[38;2;82;73;57m▄[0m[48;2;247;227;181m[38;2;247;231;181m▄[0m[48;2;0;0;0m[38;2;0;0;0m▄[0m     
   [48;2;0;0;0m[38;2;8;0;16m▄[0m[48;2;140;113;107m[38;2;255;239;148m▄[0m[48;2;205;188;164m[38;2;195;173;147m▄[0m[48;2;255;255;239m[38;2;140;115;106m▄[0m[48;2;140;115;107m[38;2;255;255;247m▄[0m[48;2;140;115;107m[38;2;255;255;247m▄[0m[48;2;148;121;99m[38;2;255;255;239m▄[0m[48;2;219;210;192m[38;2;156;121;90m▄[0m[48;2;247;231;181m[38;2;140;113;107m▄[0m[48;2;255;255;247m[38;2;140;113;107m▄[0m[48;2;140;117;107m[38;2;255;255;247m▄[0m[48;2;140;117;107m[38;2;255;255;247m▄[0m[48;2;247;231;181m[38;2;140;113;107m▄[0m[48;2;255;255;247m[38;2;140;113;107m▄[0m[48;2;219;210;192m[38;2;148;121;82m▄[0m[48;2;148;121;99m[38;2;255;255;247m▄[0m[48;2;140;117;107m[38;2;255;255;247m▄[0m[48;2;140;117;107m[38;2;255;255;247m▄[0m[48;2;255;255;247m[38;2;140;115;106m▄[0m[48;2;255;255;247m[38;2;186;165;120m▄[0m[48;2;226;209;122m[38;2;255;229;133m▄[0m[48;2;226;215;142m[38;2;255;239;140m▄[0m[48;2;82;77;60m[38;2;74;65;66m▄[0m[48;2;247;231;181m[38;2;247;231;181m▄[0m[48;2;0;0;0m[38;2;0;0;0m▄[0m    
 [38;2;0;0;0m▄[0m[48;2;0;0;0m[38;2;255;247;222m▄[0m[48;2;131;119;82m[38;2;148;117;107m▄[0m[48;2;255;239;148m[38;2;39;32;22m▄[0m[48;2;195;173;147m[38;2;60;35;19m▄[0m[48;2;117;96;77m[38;2;249;225;156m▄[0m[48;2;158;138;79m[38;2;255;172;90m▄[0m[48;2;247;219;132m[38;2;255;172;90m▄[0m[48;2;140;115;106m[38;2;158;138;79m▄[0m[48;2;255;255;247m[38;2;60;35;19m▄[0m[48;2;255;255;247m[38;2;104;76;59m▄[0m[48;2;255;255;247m[38;2;131;111;92m▄[0m[48;2;255;255;247m[38;2;60;35;19m▄[0m[48;2;255;255;247m[38;2;60;35;19m▄[0m[48;2;255;255;247m[38;2;60;35;19m▄[0m[48;2;255;255;247m[38;2;255;239;140m▄[0m[48;2;219;210;164m[38;2;255;172;90m▄[0m[48;2;140;115;106m[38;2;255;239;140m▄[0m[48;2;60;35;19m[38;2;140;115;106m▄[0m[48;2;60;35;19m[38;2;242;235;223m▄[0m[48;2;60;35;19m[38;2;255;255;247m▄[0m[48;2;255;239;140m[38;2;158;137;80m▄[0m[48;2;255;172;90m[38;2;255;239;140m▄[0m[48;2;255;239;140m[38;2;60;35;19m▄[0m[48;2;60;39;24m[38;2;60;39;24m▄[0m[48;2;247;231;181m[38;2;74;65;74m▄[0m[48;2;247;231;181m[38;2;140;115;107m▄[0m[48;2;0;0;0m[38;2;247;231;181m▄[0m[38;2;0;0;0m▄[0m[38;2;0;0;0m▄[0m 
[48;2;0;0;0m[38;2;0;0;0m▄[0m[48;2;255;247;222m[38;2;255;247;222m▄[0m[48;2;255;247;222m[38;2;255;247;222m▄[0m[48;2;255;239;165m[38;2;255;255;247m▄[0m[48;2;148;117;107m[38;2;140;113;107m▄[0m[48;2;60;36;17m[38;2;60;35;19m▄[0m[48;2;158;138;79m[38;2;60;35;19m▄[0m[48;2;255;239;140m[38;2;158;138;79m▄[0m[48;2;255;172;90m[38;2;247;219;132m▄[0m[48;2;255;239;140m[38;2;60;35;19m▄[0m[48;2;60;35;19m[38;2;60;35;19m▄[0m[48;2;239;234;223m[38;2;242;235;223m▄[0m[48;2;255;255;247m[38;2;255;255;231m▄[0m[48;2;131;116;97m[38;2;74;65;74m▄[0m[48;2;60;35;19m[38;2;60;35;19m▄[0m[48;2;255;239;140m[38;2;60;35;19m▄[0m[48;2;255;174;90m[38;2;255;239;140m▄[0m[48;2;255;172;90m[38;2;219;193;121m▄[0m[48;2;255;172;90m[38;2;255;235;132m▄[0m[48;2;211;189;131m[38;2;60;35;19m▄[0m[48;2;242;235;223m[38;2;60;35;19m▄[0m[48;2;251;231;185m[38;2;60;35;19m▄[0m[48;2;60;35;19m[38;2;60;35;19m▄[0m[48;2;60;35;19m[38;2;140;117;107m▄[0m[48;2;60;35;19m[38;2;140;117;107m▄[0m[48;2;131;116;101m[38;2;255;255;247m▄[0m[48;2;247;219;156m[38;2;255;255;247m▄[0m[48;2;247;231;181m[38;2;247;231;181m▄[0m[48;2;247;231;181m[38;2;247;231;181m▄[0m[48;2;247;231;181m[38;2;0;0;0m▄[0m[48;2;247;231;181m[38;2;0;0;0m▄[0m[38;2;0;0;0m▀[0m
 [38;2;0;0;0m▀[0m[48;2;255;247;222m[38;2;0;0;0m▄[0m[48;2;255;255;247m[38;2;0;0;0m▄[0m[48;2;255;255;247m[38;2;255;255;247m▄[0m[48;2;140;115;106m[38;2;255;255;247m▄[0m[48;2;140;115;106m[38;2;255;255;247m▄[0m[48;2;140;115;107m[38;2;255;255;247m▄[0m[48;2;60;39;20m[38;2;140;113;107m▄[0m[48;2;60;35;19m[38;2;140;113;107m▄[0m[48;2;60;35;19m[38;2;140;113;107m▄[0m[48;2;148;117;99m[38;2;255;255;247m▄[0m[48;2;148;117;99m[38;2;255;255;247m▄[0m[48;2;60;35;19m[38;2;140;113;107m▄[0m[48;2;60;35;19m[38;2;140;113;107m▄[0m[48;2;60;35;19m[38;2;60;35;19m▄[0m[48;2;60;35;19m[38;2;60;35;19m▄[0m[48;2;255;235;132m[38;2;140;113;107m▄[0m[48;2;148;109;99m[38;2;255;255;247m▄[0m[48;2;140;115;106m[38;2;255;255;247m▄[0m[48;2;60;35;19m[38;2;140;113;107m▄[0m[48;2;60;35;19m[38;2;140;113;107m▄[0m[48;2;140;115;106m[38;2;255;255;247m▄[0m[48;2;216;209;195m[38;2;247;239;206m▄[0m[48;2;255;255;239m[38;2;247;239;206m▄[0m[48;2;255;255;247m[38;2;247;231;181m▄[0m[48;2;247;231;181m[38;2;247;231;181m▄[0m[48;2;247;231;181m[38;2;0;0;0m▄[0m[38;2;0;0;0m▀[0m   
    [38;2;0;0;0m▀[0m[48;2;247;231;181m[38;2;0;0;0m▄[0m[48;2;255;255;247m[38;2;0;0;0m▄[0m[48;2;255;255;247m[38;2;247;231;181m▄[0m[48;2;255;255;247m[38;2;247;231;181m▄[0m[48;2;255;255;247m[38;2;247;231;181m▄[0m[48;2;255;255;247m[38;2;247;231;181m▄[0m[48;2;255;255;247m[38;2;255;255;247m▄[0m[48;2;255;255;247m[38;2;255;255;247m▄[0m[48;2;255;255;247m[38;2;255;255;247m▄[0m[48;2;255;255;247m[38;2;255;255;247m▄[0m[48;2;140;115;106m[38;2;255;255;247m▄[0m[48;2;140;115;106m[38;2;255;255;247m▄[0m[48;2;255;255;247m[38;2;255;255;247m▄[0m[48;2;255;255;247m[38;2;247;231;181m▄[0m[48;2;255;255;247m[38;2;247;231;181m▄[0m[48;2;255;255;247m[38;2;247;231;181m▄[0m[48;2;255;255;247m[38;2;247;231;181m▄[0m[48;2;255;255;247m[38;2;247;231;181m▄[0m[48;2;247;239;206m[38;2;0;0;0m▄[0m[38;2;0;0;0m▀[0m[38;2;0;0;0m▀[0m[38;2;0;0;0m▀[0m     
       [38;2;0;0;0m▀[0m[38;2;0;0;0m▀[0m[38;2;0;0;0m▀[0m[38;2;0;0;0m▀[0m[38;2;0;0;0m▀[0m[38;2;0;0;0m▀[0m[48;2;247;231;181m[38;2;0;0;0m▄[0m[48;2;247;231;181m[38;2;0;0;0m▄[0m[48;2;247;231;181m[38;2;0;0;0m▄[0m[48;2;247;231;181m[38;2;0;0;0m▄[0m[48;2;247;231;181m[38;2;0;0;0m▄[0m[48;2;247;231;181m[38;2;0;0;0m▄[0m[38;2;0;0;0m▀[0m[38;2;0;0;0m▀[0m[38;2;0;0;0m▀[0m[38;2;0;0;0m▀[0m         
