         [38;2;0;0;0m▄[0m[48;2;0;0;0m[38;2;255;182;107m▄[0m[48;2;0;0;0m[38;2;255;223;123m▄[0m[38;2;0;0;0m▄[0m   [38;2;0;0;0m▄[0m[38;2;0;0;0m▄[0m[38;2;0;0;0m▄[0m        
         [48;2;0;0;0m[38;2;24;0;0m▄[0m[48;2;255;182;107m[38;2;255;223;247m▄[0m[48;2;255;223;123m[38;2;255;223;123m▄[0m[48;2;0;0;0m[38;2;0;0;0m▄[0m [38;2;0;0;0m▄[0m[48;2;0;0;0m[38;2;255;195;137m▄[0m[48;2;255;223;123m[38;2;255;166;82m▄[0m[48;2;255;223;123m[38;2;255;223;123m▄[0m[48;2;255;223;123m[38;2;255;223;123m▄[0m[48;2;0;0;0m[38;2;0;0;0m▄[0m       
         [48;2;24;0;0m[38;2;0;0;0m▄[0m[48;2;139;111;123m[38;2;239;166;74m▄[0m[48;2;255;223;123m[38;2;255;223;123m▄[0m[48;2;0;0;0m[38;2;255;223;123m▄[0m[38;2;0;0;0m▄[0m[48;2;0;0;0m[38;2;255;223;123m▄[0m[48;2;255;195;137m[38;2;255;36;107m▄[0m[48;2;255;255;247m[38;2;255;255;214m▄[0m[48;2;255;139;98m[38;2;178;130;90m▄[0m[48;2;255;223;123m[38;2;255;195;132m▄[0m[48;2;0;0;0m[38;2;0;0;0m▄[0m       
       [38;2;0;0;0m▄[0m[38;2;0;0;0m▄[0m[38;2;0;20;16m▄[0m[48;2;0;0;0m[38;2;33;62;34m▄[0m[48;2;239;166;74m[38;2;62;70;49m▄[0m[48;2;255;223;123m[38;2;247;150;66m▄[0m[48;2;0;0;0m[38;2;66;65;66m▄[0m[48;2;255;223;123m[38;2;247;182;90m▄[0m[48;2;255;182;178m[38;2;255;223;123m▄[0m[48;2;255;36;107m[38;2;255;223;123m▄[0m[48;2;255;195;132m[38;2;0;0;0m▄[0m[38;2;24;0;8m▀[0m        
    [38;2;0;0;0m▄[0m[48;2;0;0;0m[38;2;145;223;102m▄[0m[48;2;0;0;0m[38;2;60;173;60m▄[0m[48;2;60;173;60m[38;2;112;230;158m▄[0m[48;2;60;173;60m[38;2;69;172;77m▄[0m[48;2;65;181;68m[38;2;60;173;60m▄[0m[48;2;49;121;51m[38;2;60;173;60m▄[0m[48;2;65;120;77m[38;2;60;172;60m▄[0m[48;2;62;70;49m[38;2;60;172;60m▄[0m[48;2;247;182;90m[38;2;42;136;45m▄[0m[48;2;247;182;90m[38;2;42;136;45m▄[0m[48;2;66;65;66m[38;2;42;136;45m▄[0m[48;2;66;65;66m[38;2;42;136;45m▄[0m[48;2;42;136;45m[38;2;43;136;47m▄[0m[48;2;0;0;0m[38;2;43;136;47m▄[0m[48;2;0;0;0m[38;2;42;136;45m▄[0m[38;2;0;0;0m▄[0m      
   [48;2;0;0;0m[38;2;0;0;0m▄[0m[48;2;60;173;60m[38;2;60;173;60m▄[0m[48;2;255;223;107m[38;2;61;173;61m▄[0m[48;2;60;173;60m[38;2;61;173;61m▄[0m[48;2;69;172;77m[38;2;55;158;56m▄[0m[48;2;49;142;32m[38;2;255;223;123m▄[0m[48;2;255;223;107m[38;2;61;173;61m▄[0m[48;2;145;223;102m[38;2;61;173;61m▄[0m[48;2;42;136;45m[38;2;60;173;60m▄[0m[48;2;60;172;60m[38;2;60;173;60m▄[0m[48;2;60;173;60m[38;2;60;173;60m▄[0m[48;2;60;173;60m[38;2;60;173;60m▄[0m[48;2;60;172;60m[38;2;66;65;66m▄[0m[48;2;42;136;45m[38;2;66;65;66m▄[0m[48;2;43;136;47m[38;2;58;89;59m▄[0m[48;2;43;136;47m[38;2;58;89;59m▄[0m[48;2;42;136;45m[38;2;42;136;45m▄[0m[48;2;42;136;45m[38;2;42;136;45m▄[0m[48;2;0;0;0m[38;2;0;0;0m▄[0m     
    [38;2;0;0;0m▀[0m[48;2;61;173;61m[38;2;0;0;0m▄[0m[48;2;61;173;61m[38;2;0;0;0m▄[0m[48;2;55;158;56m[38;2;0;4;0m▄[0m[48;2;55;158;56m[38;2;56;73;43m▄[0m[48;2;61;173;61m[38;2;66;65;66m▄[0m[48;2;61;173;61m[38;2;66;65;66m▄[0m[48;2;66;65;66m[38;2;99;129;95m▄[0m[48;2;66;65;66m[38;2;72;60;56m▄[0m[48;2;66;65;66m[38;2;140;166;99m▄[0m[48;2;66;65;66m[38;2;140;166;99m▄[0m[48;2;140;166;99m[38;2;140;166;99m▄[0m[48;2;140;166;99m[38;2;140;166;99m▄[0m[48;2;140;166;99m[38;2;140;166;99m▄[0m[48;2;58;89;59m[38;2;0;0;0m▄[0m[38;2;0;0;0m▀[0m[38;2;0;0;0m▀[0m      
      [38;2;0;0;0m▄[0m[48;2;0;4;0m[38;2;156;199;112m▄[0m[48;2;121;148;81m[38;2;121;152;72m▄[0m[48;2;121;152;72m[38;2;123;162;133m▄[0m[48;2;121;152;72m[38;2;62;81;68m▄[0m[48;2;72;60;56m[38;2;140;162;99m▄[0m[48;2;136;161;109m[38;2;70;81;53m▄[0m[48;2;66;65;66m[38;2;140;165;99m▄[0m[48;2;140;166;99m[38;2;140;165;99m▄[0m[48;2;140;166;99m[38;2;82;115;49m▄[0m[48;2;66;65;66m[38;2;0;0;0m▄[0m[38;2;0;0;0m▀[0m         
      [38;2;0;0;0m▀[0m[48;2;156;199;112m[38;2;0;0;0m▄[0m[48;2;156;199;112m[38;2;0;0;0m▄[0m[38;2;0;0;0m▀[0m[48;2;123;162;133m[38;2;0;0;0m▄[0m[48;2;0;0;8m[38;2;0;0;0m▄[0m[48;2;140;162;99m[38;2;140;166;99m▄[0m[48;2;140;165;99m[38;2;140;165;98m▄[0m[48;2;140;165;99m[38;2;140;165;98m▄[0m[48;2;82;115;49m[38;2;82;115;49m▄[0m[48;2;0;0;0m[38;2;0;0;0m▄[0m          
          [38;2;0;0;0m▄[0m[48;2;0;0;0m[38;2;140;165;99m▄[0m[48;2;140;166;99m[38;2;140;165;99m▄[0m[48;2;140;165;98m[38;2;140;165;98m▄[0m[48;2;82;115;49m[38;2;82;115;49m▄[0m[48;2;82;115;49m[38;2;82;115;49m▄[0m[48;2;0;0;0m[38;2;82;115;49m▄[0m[38;2;0;0;0m▄[0m         
    [38;2;0;0;0m▄[0m[38;2;0;4;16m▄[0m[48;2;0;0;0m[38;2;239;166;82m▄[0m[48;2;0;0;0m[38;2;66;65;66m▄[0m[48;2;0;0;0m[38;2;66;65;66m▄[0m[48;2;0;0;0m[38;2;222;231;140m▄[0m[48;2;222;231;140m[38;2;222;231;140m▄[0m[48;2;140;165;99m[38;2;222;231;140m▄[0m[48;2;140;165;99m[38;2;222;231;140m▄[0m[48;2;140;165;98m[38;2;140;166;99m▄[0m[48;2;82;115;49m[38;2;140;166;99m▄[0m[48;2;82;115;49m[38;2;82;115;49m▄[0m[48;2;82;115;49m[38;2;82;115;49m▄[0m[48;2;82;115;49m[38;2;82;115;49m▄[0m[48;2;0;0;0m[38;2;82;115;49m▄[0m[38;2;0;28;33m▄[0m[48;2;0;0;0m[38;2;222;146;49m▄[0m[48;2;0;0;0m[38;2;231;154;57m▄[0m[38;2;0;0;0m▄[0m    
  [38;2;0;0;0m▄[0m[48;2;0;0;0m[38;2;255;222;123m▄[0m[48;2;239;166;74m[38;2;255;222;123m▄[0m[48;2;239;166;82m[38;2;62;72;58m▄[0m[48;2;53;75;40m[38;2;255;227;123m▄[0m[48;2;222;231;140m[38;2;222;231;140m▄[0m[48;2;222;231;140m[38;2;222;231;140m▄[0m[48;2;222;231;140m[38;2;222;231;140m▄[0m[48;2;222;231;140m[38;2;222;231;140m▄[0m[48;2;222;231;140m[38;2;222;231;140m▄[0m[48;2;222;231;140m[38;2;222;231;140m▄[0m[48;2;222;231;140m[38;2;222;231;140m▄[0m[48;2;222;231;140m[38;2;222;231;140m▄[0m[48;2;115;165;65m[38;2;222;231;140m▄[0m[48;2;115;165;65m[38;2;115;166;66m▄[0m[48;2;82;115;49m[38;2;115;165;63m▄[0m[48;2;82;115;49m[38;2;90;115;60m▄[0m[48;2;74;67;38m[38;2;82;116;49m▄[0m[48;2;74;67;38m[38;2;82;116;49m▄[0m[48;2;231;154;57m[38;2;66;65;66m▄[0m[48;2;231;154;57m[38;2;247;182;90m▄[0m[48;2;0;0;0m[38;2;239;166;74m▄[0m[38;2;0;0;0m▄[0m  
 [48;2;0;0;0m[38;2;0;0;0m▄[0m[48;2;255;223;123m[38;2;247;182;90m▄[0m[48;2;255;222;123m[38;2;255;223;123m▄[0m[48;2;255;222;123m[38;2;255;255;255m▄[0m[48;2;194;173;101m[38;2;255;223;123m▄[0m[48;2;62;72;58m[38;2;255;223;123m▄[0m[48;2;66;65;66m[38;2;255;223;123m▄[0m[48;2;66;65;66m[38;2;239;166;74m▄[0m[48;2;222;231;140m[38;2;66;65;66m▄[0m[48;2;222;231;140m[38;2;66;65;66m▄[0m[48;2;222;231;140m[38;2;62;72;58m▄[0m[48;2;66;65;66m[38;2;194;170;95m▄[0m[48;2;66;65;66m[38;2;239;166;74m▄[0m[48;2;66;65;66m[38;2;239;166;74m▄[0m[48;2;222;231;140m[38;2;66;65;66m▄[0m[48;2;115;166;66m[38;2;66;65;66m▄[0m[48;2;115;165;63m[38;2;62;72;58m▄[0m[48;2;66;65;57m[38;2;194;170;95m▄[0m[48;2;65;66;65m[38;2;255;222;123m▄[0m[48;2;65;66;65m[38;2;255;222;123m▄[0m[48;2;247;182;90m[38;2;239;166;74m▄[0m[48;2;247;182;90m[38;2;255;223;123m▄[0m[48;2;239;166;74m[38;2;255;223;123m▄[0m[48;2;239;166;74m[38;2;239;166;73m▄[0m[48;2;0;0;0m[38;2;0;0;0m▄[0m 
[48;2;0;0;0m[38;2;0;0;0m▄[0m[48;2;247;182;90m[38;2;231;154;57m▄[0m[48;2;247;182;90m[38;2;231;154;57m▄[0m[48;2;255;223;123m[38;2;255;223;123m▄[0m[48;2;255;255;255m[38;2;255;223;123m▄[0m[48;2;255;255;255m[38;2;255;223;123m▄[0m[48;2;255;223;123m[38;2;255;223;123m▄[0m[48;2;255;223;123m[38;2;255;222;123m▄[0m[48;2;255;223;123m[38;2;255;222;123m▄[0m[48;2;255;223;123m[38;2;255;223;123m▄[0m[48;2;255;223;123m[38;2;255;223;123m▄[0m[48;2;255;223;115m[38;2;255;223;123m▄[0m[48;2;255;223;115m[38;2;255;223;123m▄[0m[48;2;255;223;123m[38;2;255;223;123m▄[0m[48;2;255;223;123m[38;2;255;223;123m▄[0m[48;2;239;166;74m[38;2;255;222;123m▄[0m[48;2;239;166;74m[38;2;255;222;123m▄[0m[48;2;255;223;115m[38;2;255;223;123m▄[0m[48;2;255;223;115m[38;2;255;223;123m▄[0m[48;2;255;222;123m[38;2;239;165;74m▄[0m[48;2;255;222;123m[38;2;239;165;74m▄[0m[48;2;255;223;123m[38;2;255;223;123m▄[0m[48;2;255;223;123m[38;2;239;166;73m▄[0m[48;2;239;166;73m[38;2;239;165;74m▄[0m[48;2;239;166;73m[38;2;239;165;74m▄[0m[48;2;239;166;74m[38;2;231;150;57m▄[0m[48;2;0;0;0m[38;2;0;0;0m▄[0m
 [48;2;0;0;0m[38;2;0;0;0m▄[0m[48;2;231;154;57m[38;2;222;134;33m▄[0m[48;2;239;166;74m[38;2;74;65;66m▄[0m[48;2;255;223;123m[38;2;255;219;107m▄[0m[48;2;255;223;123m[38;2;239;165;74m▄[0m[48;2;239;166;74m[38;2;239;165;74m▄[0m[48;2;255;222;123m[38;2;239;166;74m▄[0m[48;2;255;222;123m[38;2;239;166;74m▄[0m[48;2;255;223;123m[38;2;231;154;57m▄[0m[48;2;239;166;74m[38;2;231;154;57m▄[0m[48;2;239;166;74m[38;2;239;166;74m▄[0m[48;2;239;166;74m[38;2;239;166;74m▄[0m[48;2;239;166;74m[38;2;239;166;74m▄[0m[48;2;255;223;123m[38;2;239;166;74m▄[0m[48;2;255;222;123m[38;2;239;166;74m▄[0m[48;2;255;222;123m[38;2;239;166;74m▄[0m[48;2;255;223;123m[38;2;239;165;74m▄[0m[48;2;239;166;74m[38;2;239;165;74m▄[0m[48;2;239;165;74m[38;2;239;166;74m▄[0m[48;2;239;165;74m[38;2;239;166;74m▄[0m[48;2;239;166;73m[38;2;66;52;66m▄[0m[48;2;239;166;73m[38;2;231;109;33m▄[0m[48;2;239;165;74m[38;2;222;132;33m▄[0m[48;2;239;165;74m[38;2;222;132;33m▄[0m[48;2;231;150;57m[38;2;0;0;0m▄[0m[38;2;0;0;0m▀[0m
[48;2;0;0;0m[38;2;0;0;0m▄[0m[48;2;222;134;33m[38;2;222;138;49m▄[0m[48;2;222;134;33m[38;2;47;70;40m▄[0m[48;2;65;72;65m[38;2;72;125;91m▄[0m[48;2;194;167;93m[38;2;66;56;66m▄[0m[48;2;239;165;74m[38;2;239;166;74m▄[0m[48;2;239;165;74m[38;2;239;166;74m▄[0m[48;2;239;166;74m[38;2;247;150;66m▄[0m[48;2;222;134;33m[38;2;62;70;49m▄[0m[48;2;231;154;57m[38;2;66;65;66m▄[0m[48;2;66;65;66m[38;2;42;136;45m▄[0m[48;2;66;65;66m[38;2;42;136;45m▄[0m[48;2;239;166;74m[38;2;66;65;66m▄[0m[48;2;239;166;74m[38;2;66;65;66m▄[0m[48;2;222;134;33m[38;2;66;65;66m▄[0m[48;2;66;65;66m[38;2;42;136;45m▄[0m[48;2;239;166;74m[38;2;66;65;66m▄[0m[48;2;239;165;74m[38;2;231;150;57m▄[0m[48;2;239;165;74m[38;2;231;150;57m▄[0m[48;2;239;166;74m[38;2;82;93;74m▄[0m[48;2;66;65;66m[38;2;56;145;67m▄[0m[48;2;56;134;72m[38;2;42;136;45m▄[0m[48;2;66;52;66m[38;2;42;136;45m▄[0m[48;2;222;132;33m[38;2;40;83;41m▄[0m[48;2;222;132;33m[38;2;0;4;0m▄[0m[38;2;0;0;0m▀[0m 
 [38;2;0;12;33m▀[0m[48;2;47;70;40m[38;2;0;0;0m▄[0m[48;2;75;155;108m[38;2;66;65;66m▄[0m[48;2;66;56;66m[38;2;255;223;123m▄[0m[48;2;222;134;33m[38;2;222;132;33m▄[0m[48;2;239;166;74m[38;2;222;132;33m▄[0m[48;2;74;48;57m[38;2;222;134;33m▄[0m[48;2;65;120;77m[38;2;66;65;66m▄[0m[48;2;42;136;45m[38;2;42;136;45m▄[0m[48;2;42;136;45m[38;2;131;152;76m▄[0m[48;2;42;136;45m[38;2;36;142;35m▄[0m[48;2;42;136;45m[38;2;36;142;35m▄[0m[48;2;42;136;45m[38;2;131;152;76m▄[0m[48;2;42;136;45m[38;2;42;136;45m▄[0m[48;2;42;136;45m[38;2;42;136;45m▄[0m[48;2;42;136;45m[38;2;131;152;76m▄[0m[48;2;66;65;66m[38;2;42;136;45m▄[0m[48;2;66;65;66m[38;2;42;136;45m▄[0m[48;2;68;113;81m[38;2;42;136;45m▄[0m[48;2;56;145;67m[38;2;131;152;76m▄[0m[48;2;42;136;45m[38;2;42;136;45m▄[0m[48;2;131;152;76m[38;2;131;152;76m▄[0m[48;2;59;125;60m[38;2;42;136;45m▄[0m[48;2;0;4;0m[38;2;0;0;0m▄[0m  
  [38;2;0;0;0m▀[0m[48;2;66;65;66m[38;2;0;8;8m▄[0m[48;2;255;223;123m[38;2;57;66;60m▄[0m[48;2;222;132;33m[38;2;255;207;90m▄[0m[48;2;222;132;33m[38;2;192;158;79m▄[0m[48;2;222;134;33m[38;2;57;64;58m▄[0m[48;2;66;65;66m[38;2;57;137;60m▄[0m[48;2;42;136;45m[38;2;60;173;60m▄[0m[48;2;131;152;76m[38;2;208;218;133m▄[0m[48;2;84;168;97m[38;2;60;173;60m▄[0m[48;2;161;221;137m[38;2;60;173;60m▄[0m[48;2;42;136;45m[38;2;60;173;60m▄[0m[48;2;42;136;45m[38;2;208;218;133m▄[0m[48;2;42;136;45m[38;2;60;173;60m▄[0m[48;2;42;136;45m[38;2;131;152;76m▄[0m[48;2;42;136;45m[38;2;42;136;45m▄[0m[48;2;131;152;76m[38;2;131;152;76m▄[0m[48;2;42;136;45m[38;2;42;136;45m▄[0m[48;2;42;136;45m[38;2;42;136;45m▄[0m[48;2;131;152;76m[38;2;124;151;76m▄[0m[48;2;131;152;76m[38;2;124;151;76m▄[0m[48;2;0;0;0m[38;2;0;0;0m▄[0m   
   [38;2;0;8;8m▀[0m[48;2;75;169;78m[38;2;0;0;0m▄[0m[48;2;57;64;58m[38;2;208;218;133m▄[0m[48;2;57;64;58m[38;2;208;218;133m▄[0m[48;2;57;173;60m[38;2;60;173;60m▄[0m[48;2;57;173;60m[38;2;60;173;60m▄[0m[48;2;60;173;60m[38;2;206;218;134m▄[0m[48;2;208;218;133m[38;2;206;218;134m▄[0m[48;2;208;218;133m[38;2;139;225;145m▄[0m[48;2;60;173;60m[38;2;93;153;103m▄[0m[48;2;60;173;60m[38;2;194;225;126m▄[0m[48;2;208;218;133m[38;2;129;150;84m▄[0m[48;2;60;173;60m[38;2;131;152;76m▄[0m[48;2;60;173;60m[38;2;42;136;45m▄[0m[48;2;42;136;45m[38;2;131;152;76m▄[0m[48;2;131;152;76m[38;2;131;152;76m▄[0m[48;2;42;136;45m[38;2;124;151;76m▄[0m[48;2;131;152;76m[38;2;124;151;76m▄[0m[48;2;124;151;76m[38;2;0;0;0m▄[0m[48;2;0;0;0m[38;2;82;115;49m▄[0m[48;2;82;115;49m[38;2;82;115;49m▄[0m[48;2;0;0;0m[38;2;0;0;0m▄[0m  
     [38;2;0;0;0m▀[0m[48;2;137;145;89m[38;2;0;0;0m▄[0m[48;2;208;218;133m[38;2;124;151;76m▄[0m[48;2;60;173;60m[38;2;124;151;76m▄[0m[48;2;206;218;134m[38;2;131;152;76m▄[0m[48;2;206;218;134m[38;2;131;152;76m▄[0m[48;2;139;225;145m[38;2;0;0;0m▄[0m[48;2;1;13;3m[38;2;137;156;88m▄[0m[48;2;0;0;0m[38;2;115;164;66m▄[0m[48;2;129;150;84m[38;2;0;0;0m▄[0m[48;2;131;152;76m[38;2;0;0;0m▄[0m[48;2;131;152;76m[38;2;0;0;0m▄[0m[48;2;131;152;76m[38;2;0;0;0m▄[0m[48;2;131;152;76m[38;2;0;0;0m▄[0m[48;2;124;151;76m[38;2;0;0;0m▄[0m[48;2;0;0;0m[38;2;76;110;44m▄[0m[48;2;82;115;49m[38;2;82;115;49m▄[0m[48;2;82;115;49m[38;2;82;115;49m▄[0m[48;2;82;115;49m[38;2;0;0;0m▄[0m[38;2;0;0;0m▀[0m  
       [38;2;0;0;0m▀[0m[38;2;0;0;0m▀[0m[48;2;131;152;76m[38;2;0;0;0m▄[0m[48;2;131;152;76m[38;2;0;0;0m▄[0m[48;2;0;0;0m[38;2;0;0;0m▄[0m[48;2;206;235;132m[38;2;0;0;0m▄[0m[48;2;115;164;66m[38;2;222;231;140m▄[0m[48;2;115;164;66m[38;2;222;231;140m▄[0m[48;2;115;164;66m[38;2;222;231;140m▄[0m[48;2;115;164;66m[38;2;115;166;66m▄[0m[48;2;115;164;66m[38;2;115;166;66m▄[0m[48;2;115;164;66m[38;2;115;166;66m▄[0m[48;2;115;166;66m[38;2;137;160;88m▄[0m[48;2;115;166;66m[38;2;137;160;88m▄[0m[48;2;82;115;49m[38;2;140;166;99m▄[0m[48;2;82;115;49m[38;2;0;0;0m▄[0m[38;2;0;0;0m▀[0m   
             [38;2;0;0;0m▀[0m[38;2;0;0;0m▀[0m[48;2;222;231;140m[38;2;0;0;0m▄[0m[48;2;222;231;140m[38;2;0;0;0m▄[0m[48;2;222;231;140m[38;2;0;0;0m▄[0m[48;2;222;231;140m[38;2;0;0;0m▄[0m[48;2;206;239;132m[38;2;0;0;0m▄[0m[38;2;0;4;0m▀[0m[38;2;0;0;0m▀[0m     
