                     [38;2;0;0;0m▄[0m[48;2;0;0;0m[38;2;196;195;207m▄[0m[48;2;0;0;0m[38;2;0;0;0m▄[0m[38;2;0;0;0m▀[0m              
                    [48;2;0;0;0m[38;2;0;0;0m▄[0m[48;2;196;195;207m[38;2;196;195;207m▄[0m[48;2;196;195;207m[38;2;163;160;178m▄[0m[48;2;0;0;0m[38;2;66;65;66m▄[0m[38;2;0;0;0m▄[0m              
                    [38;2;0;0;0m▄[0m[48;2;8;8;0m[38;2;81;78;100m▄[0m[48;2;186;183;197m[38;2;186;183;197m▄[0m[48;2;197;196;208m[38;2;197;196;208m▄[0m[48;2;197;196;208m[38;2;197;196;208m▄[0m[48;2;0;0;0m[38;2;0;0;0m▄[0m             
               [38;2;0;0;0m▄[0m  [38;2;0;0;0m▄[0m[48;2;0;0;0m[38;2;197;196;208m▄[0m[48;2;197;196;208m[38;2;197;196;208m▄[0m[48;2;197;196;208m[38;2;0;0;0m▄[0m[48;2;197;196;208m[38;2;197;196;208m▄[0m[48;2;197;196;208m[38;2;197;196;208m▄[0m[48;2;0;0;0m[38;2;0;0;0m▄[0m              
              [48;2;0;0;0m[38;2;0;0;0m▄[0m[48;2;163;160;178m[38;2;163;160;178m▄[0m[48;2;0;0;0m[38;2;0;0;0m▄[0m[38;2;0;0;0m▄[0m[48;2;0;0;0m[38;2;196;195;207m▄[0m[48;2;197;196;208m[38;2;197;196;208m▄[0m[48;2;0;0;0m[38;2;0;0;0m▄[0m [48;2;0;0;0m[38;2;0;0;0m▄[0m[48;2;197;196;208m[38;2;197;196;208m▄[0m[48;2;0;0;0m[38;2;197;196;208m▄[0m[38;2;0;0;0m▄[0m [38;2;0;0;0m▄[0m           
           [38;2;0;0;0m▄[0m[48;2;0;0;0m[38;2;166;165;181m▄[0m[38;2;0;0;0m▄[0m[48;2;0;0;0m[38;2;66;65;66m▄[0m[48;2;166;165;181m[38;2;66;65;66m▄[0m[48;2;166;165;181m[38;2;166;165;181m▄[0m[48;2;8;8;0m[38;2;71;68;90m▄[0m[48;2;171;169;183m[38;2;171;169;183m▄[0m[48;2;196;195;207m[38;2;163;160;178m▄[0m[48;2;196;195;207m[38;2;163;160;178m▄[0m[48;2;8;8;0m[38;2;81;78;100m▄[0m[48;2;186;183;197m[38;2;186;183;197m▄[0m[48;2;166;165;181m[38;2;166;165;181m▄[0m[48;2;166;165;181m[38;2;166;165;181m▄[0m[48;2;0;0;0m[38;2;163;160;178m▄[0m[48;2;0;0;0m[38;2;0;0;0m▄[0m[48;2;197;196;208m[38;2;197;196;208m▄[0m[48;2;0;0;0m[38;2;0;0;0m▄[0m          
           [48;2;0;0;0m[38;2;0;0;0m▄[0m[48;2;163;160;178m[38;2;163;160;178m▄[0m[48;2;66;65;66m[38;2;66;65;66m▄[0m[48;2;66;65;66m[38;2;122;39;103m▄[0m[48;2;148;76;133m[38;2;77;61;74m▄[0m[48;2;77;61;74m[38;2;188;187;199m▄[0m[48;2;66;65;66m[38;2;171;169;183m▄[0m[48;2;66;65;66m[38;2;193;192;204m▄[0m[48;2;66;65;66m[38;2;193;192;204m▄[0m[48;2;66;65;66m[38;2;171;169;183m▄[0m[48;2;166;165;181m[38;2;66;65;66m▄[0m[48;2;166;165;181m[38;2;66;65;66m▄[0m[48;2;77;61;74m[38;2;217;104;193m▄[0m[48;2;114;111;130m[38;2;77;61;74m▄[0m[48;2;0;0;0m[38;2;178;175;190m▄[0m[48;2;178;175;190m[38;2;178;175;190m▄[0m[48;2;197;196;208m[38;2;197;196;208m▄[0m[48;2;66;65;66m[38;2;66;65;66m▄[0m[48;2;0;0;0m[38;2;196;195;207m▄[0m[38;2;0;0;0m▄[0m        
           [38;2;0;0;0m▀[0m[48;2;166;165;181m[38;2;0;0;0m▄[0m[48;2;66;65;66m[38;2;166;165;181m▄[0m[48;2;122;39;103m[38;2;66;65;66m▄[0m[48;2;222;97;196m[38;2;148;76;133m▄[0m[48;2;75;55;71m[38;2;222;97;196m▄[0m[48;2;197;196;208m[38;2;66;65;66m▄[0m[48;2;197;196;208m[38;2;197;196;208m▄[0m[48;2;197;196;208m[38;2;66;65;66m▄[0m[48;2;197;196;208m[38;2;197;196;208m▄[0m[48;2;149;145;165m[38;2;149;145;165m▄[0m[48;2;122;39;103m[38;2;231;65;90m▄[0m[48;2;217;104;193m[38;2;217;104;193m▄[0m[48;2;66;65;66m[38;2;66;65;66m▄[0m[48;2;197;196;208m[38;2;197;196;208m▄[0m[48;2;197;196;208m[38;2;197;196;208m▄[0m[48;2;171;169;183m[38;2;66;65;66m▄[0m[48;2;66;65;66m[38;2;193;192;204m▄[0m[48;2;197;196;208m[38;2;197;196;208m▄[0m[48;2;0;0;0m[38;2;0;0;0m▄[0m        
          [38;2;0;0;0m▄[0m[38;2;0;0;0m▄[0m[48;2;0;0;0m[38;2;66;65;66m▄[0m[48;2;166;165;181m[38;2;166;165;181m▄[0m[48;2;66;65;66m[38;2;166;165;181m▄[0m[48;2;173;68;151m[38;2;119;99;115m▄[0m[48;2;173;68;151m[38;2;222;48;82m▄[0m[48;2;146;69;130m[38;2;220;104;195m▄[0m[48;2;0;0;0m[38;2;220;104;195m▄[0m[48;2;222;52;90m[38;2;134;49;116m▄[0m[48;2;90;90;96m[38;2;90;90;96m▄[0m[48;2;138;97;129m[38;2;138;97;129m▄[0m[48;2;176;117;164m[38;2;74;52;82m▄[0m[48;2;66;65;66m[38;2;66;65;66m▄[0m[48;2;193;192;204m[38;2;171;169;183m▄[0m[48;2;166;165;181m[38;2;166;165;181m▄[0m[48;2;66;65;66m[38;2;166;165;181m▄[0m[48;2;166;165;181m[38;2;166;165;181m▄[0m[48;2;166;165;181m[38;2;66;65;66m▄[0m[48;2;0;0;0m[38;2;0;0;0m▄[0m         
         [48;2;0;0;0m[38;2;0;0;0m▄[0m[48;2;130;128;149m[38;2;130;128;149m▄[0m[48;2;132;130;151m[38;2;132;130;151m▄[0m[48;2;132;130;151m[38;2;66;65;66m▄[0m[48;2;66;65;66m[38;2;197;196;208m▄[0m[48;2;197;196;208m[38;2;66;65;66m▄[0m[48;2;66;93;99m[38;2;66;93;99m▄[0m[48;2;255;255;255m[38;2;66;93;99m▄[0m[48;2;161;60;140m[38;2;255;255;255m▄[0m[48;2;255;255;255m[38;2;161;60;140m▄[0m[48;2;139;136;156m[38;2;255;255;255m▄[0m[48;2;82;77;107m[38;2;82;77;107m▄[0m[48;2;196;195;207m[38;2;163;160;178m▄[0m[48;2;163;160;178m[38;2;196;195;207m▄[0m[48;2;197;196;208m[38;2;197;196;208m▄[0m[48;2;66;65;66m[38;2;66;65;66m▄[0m[48;2;166;165;181m[38;2;166;165;181m▄[0m[48;2;66;65;66m[38;2;166;165;181m▄[0m[48;2;66;65;66m[38;2;166;165;181m▄[0m[48;2;166;165;181m[38;2;166;165;181m▄[0m[48;2;186;183;197m[38;2;186;183;197m▄[0m[48;2;8;8;0m[38;2;81;78;100m▄[0m[48;2;0;0;0m[38;2;197;196;208m▄[0m[48;2;0;0;0m[38;2;197;196;208m▄[0m[38;2;0;0;0m▄[0m     
        [38;2;0;0;0m▄[0m[48;2;8;4;0m[38;2;139;137;157m▄[0m[48;2;78;75;97m[38;2;139;137;157m▄[0m[48;2;66;65;66m[38;2;66;65;66m▄[0m[48;2;197;196;208m[38;2;197;196;208m▄[0m[48;2;197;196;208m[38;2;66;65;66m▄[0m[48;2;197;196;208m[38;2;66;65;66m▄[0m[48;2;196;195;207m[38;2;173;171;186m▄[0m[48;2;110;108;130m[38;2;196;195;207m▄[0m[48;2;66;65;66m[38;2;197;196;208m▄[0m[48;2;66;65;66m[38;2;197;196;208m▄[0m[48;2;163;160;178m[38;2;196;195;207m▄[0m[48;2;196;195;207m[38;2;196;195;207m▄[0m[48;2;173;171;186m[38;2;196;195;207m▄[0m[48;2;110;108;130m[38;2;196;195;207m▄[0m[48;2;66;65;66m[38;2;197;196;208m▄[0m[48;2;197;196;208m[38;2;197;196;208m▄[0m[48;2;196;195;207m[38;2;196;195;207m▄[0m[48;2;196;195;207m[38;2;163;160;178m▄[0m[48;2;66;65;66m[38;2;66;65;66m▄[0m[48;2;193;192;204m[38;2;171;169;183m▄[0m[48;2;66;65;66m[38;2;66;65;66m▄[0m[48;2;197;196;208m[38;2;197;196;208m▄[0m[48;2;196;195;207m[38;2;173;171;186m▄[0m[48;2;196;195;207m[38;2;110;108;130m▄[0m[48;2;182;181;195m[38;2;182;181;195m▄[0m[48;2;0;0;0m[38;2;0;0;0m▄[0m    
        [48;2;0;0;0m[38;2;0;0;0m▄[0m[48;2;132;130;151m[38;2;132;130;151m▄[0m[48;2;132;130;151m[38;2;132;130;151m▄[0m[48;2;66;65;66m[38;2;66;65;66m▄[0m[48;2;66;65;66m[38;2;197;196;208m▄[0m[48;2;196;195;207m[38;2;163;160;178m▄[0m[48;2;196;195;207m[38;2;163;160;178m▄[0m[48;2;197;196;208m[38;2;197;196;208m▄[0m[48;2;197;196;208m[38;2;1;89;110m▄[0m[48;2;57;69;74m[38;2;26;176;211m▄[0m[48;2;209;208;217m[38;2;1;91;112m▄[0m[48;2;196;195;207m[38;2;196;195;207m▄[0m[48;2;163;160;178m[38;2;196;195;207m▄[0m[48;2;66;65;66m[38;2;197;196;208m▄[0m[48;2;66;65;66m[38;2;197;196;208m▄[0m[48;2;66;65;66m[38;2;166;165;181m▄[0m[48;2;166;165;181m[38;2;66;65;66m▄[0m[48;2;166;165;181m[38;2;66;65;66m▄[0m[48;2;166;165;181m[38;2;166;165;181m▄[0m[48;2;166;165;181m[38;2;166;165;181m▄[0m[48;2;66;65;66m[38;2;66;65;66m▄[0m[48;2;66;65;66m[38;2;66;65;66m▄[0m[48;2;66;65;66m[38;2;197;196;208m▄[0m[48;2;196;195;207m[38;2;196;195;207m▄[0m[48;2;196;195;207m[38;2;163;160;178m▄[0m[48;2;81;78;100m[38;2;186;183;197m▄[0m[48;2;8;8;0m[38;2;186;183;197m▄[0m[38;2;0;0;0m▄[0m   
         [48;2;0;0;0m[38;2;0;0;0m▄[0m[48;2;130;128;149m[38;2;130;128;149m▄[0m[48;2;86;83;106m[38;2;153;151;169m▄[0m[48;2;153;151;169m[38;2;0;4;0m▄[0m[48;2;110;108;130m[38;2;173;171;186m▄[0m[48;2;196;195;207m[38;2;196;195;207m▄[0m[48;2;57;69;74m[38;2;209;208;217m▄[0m[48;2;26;176;211m[38;2;1;91;112m▄[0m[48;2;23;173;208m[38;2;23;173;208m▄[0m[48;2;23;173;208m[38;2;1;89;110m▄[0m[48;2;66;65;66m[38;2;197;196;208m▄[0m[48;2;197;196;208m[38;2;197;196;208m▄[0m[48;2;163;160;178m[38;2;196;195;207m▄[0m[48;2;163;160;178m[38;2;196;195;207m▄[0m[48;2;197;196;208m[38;2;66;65;66m▄[0m[48;2;197;196;208m[38;2;66;65;66m▄[0m[48;2;166;165;181m[38;2;166;165;181m▄[0m[48;2;66;65;66m[38;2;166;165;181m▄[0m[48;2;182;181;195m[38;2;81;78;100m▄[0m[48;2;81;78;100m[38;2;8;12;0m▄[0m[48;2;173;171;186m[38;2;110;108;130m▄[0m[48;2;196;195;207m[38;2;196;195;207m▄[0m[48;2;163;160;178m[38;2;163;160;178m▄[0m[48;2;196;195;207m[38;2;196;195;207m▄[0m[48;2;196;195;207m[38;2;196;195;207m▄[0m[48;2;196;195;207m[38;2;163;160;178m▄[0m[48;2;0;0;0m[38;2;0;0;0m▄[0m   
 [38;2;0;0;0m▄[0m  [38;2;0;0;0m▄[0m[48;2;0;0;0m[38;2;197;196;208m▄[0m[48;2;0;0;0m[38;2;197;196;208m▄[0m[38;2;0;0;0m▄[0m[48;2;0;0;0m[38;2;66;65;66m▄[0m[48;2;166;165;181m[38;2;166;165;181m▄[0m[48;2;66;65;66m[38;2;166;165;181m▄[0m[48;2;83;81;103m[38;2;0;4;0m▄[0m[48;2;151;149;166m[38;2;0;4;0m▄[0m[38;2;0;0;0m▀[0m[48;2;196;195;207m[38;2;0;0;0m▄[0m[48;2;197;196;208m[38;2;0;0;0m▄[0m[48;2;197;196;208m[38;2;197;196;208m▄[0m[48;2;66;65;66m[38;2;197;196;208m▄[0m[48;2;197;196;208m[38;2;197;196;208m▄[0m[48;2;193;192;204m[38;2;66;65;66m▄[0m[48;2;66;65;66m[38;2;171;169;183m▄[0m[48;2;196;195;207m[38;2;110;108;130m▄[0m[48;2;196;195;207m[38;2;173;171;186m▄[0m[48;2;196;195;207m[38;2;163;160;178m▄[0m[48;2;163;160;178m[38;2;163;160;178m▄[0m[48;2;97;95;118m[38;2;0;0;0m▄[0m[48;2;169;166;182m[38;2;0;0;0m▄[0m[38;2;0;0;0m▀[0m [38;2;0;0;0m▀[0m[48;2;166;165;181m[38;2;0;0;0m▄[0m[48;2;171;169;183m[38;2;66;65;66m▄[0m[48;2;66;65;66m[38;2;193;192;204m▄[0m[48;2;71;68;90m[38;2;171;169;183m▄[0m[48;2;171;169;183m[38;2;8;8;0m▄[0m[38;2;0;0;0m▀[0m   
[48;2;0;0;0m[38;2;0;0;0m▄[0m[48;2;201;200;210m[38;2;201;200;210m▄[0m[48;2;8;4;0m[38;2;90;88;110m▄[0m[38;2;0;0;0m▄[0m[38;2;0;0;0m▄[0m[48;2;8;12;0m[38;2;81;78;100m▄[0m[48;2;81;78;100m[38;2;182;181;195m▄[0m[48;2;193;192;204m[38;2;66;65;66m▄[0m[48;2;171;169;183m[38;2;66;65;66m▄[0m[48;2;66;65;66m[38;2;0;0;0m▄[0m[38;2;0;0;0m▀[0m    [38;2;0;0;0m▄[0m[48;2;0;0;0m[38;2;66;65;66m▄[0m[48;2;196;195;207m[38;2;173;171;186m▄[0m[48;2;110;108;130m[38;2;196;195;207m▄[0m[48;2;166;165;181m[38;2;66;65;66m▄[0m[48;2;166;165;181m[38;2;166;165;181m▄[0m[48;2;171;169;183m[38;2;171;169;183m▄[0m[48;2;71;68;90m[38;2;8;8;0m▄[0m[38;2;0;0;0m▀[0m[38;2;0;0;0m▀[0m      [38;2;0;0;0m▀[0m[48;2;166;165;181m[38;2;0;0;0m▄[0m[48;2;166;165;181m[38;2;66;65;66m▄[0m[48;2;166;165;181m[38;2;66;65;66m▄[0m[48;2;0;0;0m[38;2;0;0;0m▄[0m   
[38;2;0;0;0m▀[0m[48;2;171;169;183m[38;2;8;8;0m▄[0m[48;2;171;169;183m[38;2;71;68;90m▄[0m[48;2;66;65;66m[38;2;66;65;66m▄[0m[48;2;66;65;66m[38;2;166;165;181m▄[0m[48;2;173;171;186m[38;2;196;195;207m▄[0m[48;2;196;195;207m[38;2;110;108;130m▄[0m[48;2;97;95;118m[38;2;169;166;182m▄[0m[48;2;0;0;0m[38;2;0;0;0m▄[0m    [38;2;0;0;0m▄[0m[48;2;0;0;0m[38;2;166;165;181m▄[0m[48;2;171;169;183m[38;2;66;65;66m▄[0m[48;2;66;65;66m[38;2;193;192;204m▄[0m[48;2;196;195;207m[38;2;173;171;186m▄[0m[48;2;110;108;130m[38;2;196;195;207m▄[0m[48;2;166;165;181m[38;2;66;65;66m▄[0m[48;2;166;165;181m[38;2;66;65;66m▄[0m[48;2;110;108;130m[38;2;196;195;207m▄[0m[48;2;173;171;186m[38;2;196;195;207m▄[0m[48;2;0;0;0m[38;2;197;196;208m▄[0m[48;2;0;0;0m[38;2;197;196;208m▄[0m[38;2;0;0;0m▄[0m    [38;2;0;0;0m▄[0m[48;2;0;0;0m[38;2;197;196;208m▄[0m[48;2;197;196;208m[38;2;197;196;208m▄[0m[48;2;193;192;204m[38;2;103;100;123m▄[0m[48;2;169;166;182m[38;2;169;166;182m▄[0m[48;2;81;78;100m[38;2;81;78;100m▄[0m[48;2;8;12;0m[38;2;182;181;195m▄[0m[38;2;0;0;0m▄[0m 
 [48;2;0;0;0m[38;2;0;0;0m▄[0m[48;2;197;196;208m[38;2;197;196;208m▄[0m[48;2;66;65;66m[38;2;193;192;204m▄[0m[48;2;171;169;183m[38;2;66;65;66m▄[0m[48;2;97;95;118m[38;2;0;0;0m▄[0m[48;2;169;166;182m[38;2;0;0;0m▄[0m[38;2;0;0;0m▀[0m     [38;2;0;0;0m▀[0m[48;2;166;165;181m[38;2;0;0;0m▄[0m[48;2;66;65;66m[38;2;166;165;181m▄[0m[48;2;166;165;181m[38;2;66;65;66m▄[0m[48;2;196;195;207m[38;2;196;195;207m▄[0m[48;2;163;160;178m[38;2;196;195;207m▄[0m[48;2;66;65;66m[38;2;66;65;66m▄[0m[48;2;171;169;183m[38;2;193;192;204m▄[0m[48;2;197;196;208m[38;2;197;196;208m▄[0m[48;2;197;196;208m[38;2;66;65;66m▄[0m[48;2;173;171;186m[38;2;196;195;207m▄[0m[48;2;110;108;130m[38;2;196;195;207m▄[0m[48;2;0;0;0m[38;2;166;165;181m▄[0m[38;2;0;0;0m▄[0m   [38;2;0;0;0m▀[0m[48;2;97;95;118m[38;2;8;8;0m▄[0m[48;2;204;203;212m[38;2;97;95;118m▄[0m[48;2;66;65;66m[38;2;166;165;181m▄[0m[48;2;66;65;66m[38;2;66;65;66m▄[0m[48;2;66;65;66m[38;2;66;65;66m▄[0m[48;2;166;165;181m[38;2;66;65;66m▄[0m[48;2;0;0;0m[38;2;166;165;181m▄[0m[38;2;0;0;0m▄[0m
  [38;2;0;0;0m▀[0m[38;2;0;0;0m▀[0m[38;2;0;0;0m▀[0m        [48;2;0;0;0m[38;2;0;0;0m▄[0m[48;2;163;160;178m[38;2;163;160;178m▄[0m[48;2;145;144;163m[38;2;163;160;178m▄[0m[48;2;163;160;178m[38;2;66;65;66m▄[0m[48;2;90;88;110m[38;2;154;153;171m▄[0m[48;2;90;88;110m[38;2;8;8;0m▄[0m[38;2;0;0;0m▀[0m[48;2;166;165;181m[38;2;0;0;0m▄[0m[48;2;66;65;66m[38;2;66;65;66m▄[0m[48;2;193;192;204m[38;2;171;169;183m▄[0m[48;2;196;195;207m[38;2;196;195;207m▄[0m[48;2;163;160;178m[38;2;163;160;178m▄[0m[48;2;197;196;208m[38;2;197;196;208m▄[0m[48;2;0;0;0m[38;2;0;0;0m▄[0m   [38;2;0;0;0m▄[0m[48;2;8;8;0m[38;2;186;183;197m▄[0m[48;2;186;183;197m[38;2;81;78;100m▄[0m[48;2;66;65;66m[38;2;66;65;66m▄[0m[48;2;197;196;208m[38;2;197;196;208m▄[0m[48;2;103;100;123m[38;2;193;192;204m▄[0m[48;2;169;166;182m[38;2;169;166;182m▄[0m[48;2;197;196;208m[38;2;197;196;208m▄[0m[48;2;0;0;0m[38;2;0;0;0m▄[0m
             [48;2;0;0;0m[38;2;0;0;0m▄[0m[48;2;163;160;178m[38;2;163;160;178m▄[0m[48;2;132;130;151m[38;2;132;130;151m▄[0m[48;2;66;65;66m[38;2;132;130;151m▄[0m[48;2;132;130;151m[38;2;0;0;0m▄[0m[38;2;0;0;0m▀[0m  [48;2;0;0;0m[38;2;0;0;0m▄[0m[48;2;163;160;178m[38;2;163;160;178m▄[0m[48;2;196;195;207m[38;2;163;160;178m▄[0m[48;2;196;195;207m[38;2;196;195;207m▄[0m[48;2;163;160;178m[38;2;196;195;207m▄[0m[48;2;196;195;207m[38;2;163;160;178m▄[0m[48;2;0;0;0m[38;2;0;0;0m▄[0m  [38;2;0;0;0m▀[0m[48;2;197;196;208m[38;2;0;0;0m▄[0m[48;2;197;196;208m[38;2;197;196;208m▄[0m[48;2;66;65;66m[38;2;197;196;208m▄[0m[48;2;66;65;66m[38;2;66;65;66m▄[0m[48;2;197;196;208m[38;2;0;0;0m▄[0m[48;2;197;196;208m[38;2;0;0;0m▄[0m[48;2;196;195;207m[38;2;0;0;0m▄[0m[38;2;0;0;0m▀[0m
            [48;2;0;0;0m[38;2;0;0;0m▄[0m[48;2;166;165;181m[38;2;166;165;181m▄[0m[48;2;66;65;66m[38;2;66;65;66m▄[0m[48;2;142;139;159m[38;2;142;139;159m▄[0m[48;2;0;0;0m[38;2;142;139;159m▄[0m[38;2;0;0;0m▄[0m    [38;2;0;0;0m▀[0m[48;2;186;183;197m[38;2;8;8;0m▄[0m[48;2;186;183;197m[38;2;81;78;100m▄[0m[48;2;97;95;118m[38;2;204;203;212m▄[0m[48;2;8;8;0m[38;2;97;95;118m▄[0m[38;2;0;0;0m▄[0m    [38;2;0;0;0m▀[0m[38;2;0;0;0m▀[0m[38;2;0;0;0m▀[0m    
            [48;2;0;0;0m[38;2;0;0;0m▄[0m[48;2;66;65;66m[38;2;163;160;178m▄[0m[48;2;163;160;178m[38;2;145;144;163m▄[0m[48;2;130;128;149m[38;2;130;128;149m▄[0m[48;2;130;128;149m[38;2;0;0;0m▄[0m[38;2;0;0;0m▀[0m    [48;2;0;0;0m[38;2;0;0;0m▄[0m[48;2;163;160;178m[38;2;163;160;178m▄[0m[48;2;196;195;207m[38;2;196;195;207m▄[0m[48;2;103;100;123m[38;2;193;192;204m▄[0m[48;2;169;166;182m[38;2;169;166;182m▄[0m[48;2;0;0;0m[38;2;0;0;0m▄[0m           
           [38;2;0;0;0m▄[0m[48;2;0;0;0m[38;2;66;65;66m▄[0m[48;2;130;128;149m[38;2;163;160;178m▄[0m[48;2;163;160;178m[38;2;130;128;149m▄[0m[48;2;0;0;0m[38;2;0;0;0m▄[0m       [48;2;0;0;0m[38;2;0;0;0m▄[0m[48;2;163;160;178m[38;2;163;160;178m▄[0m[48;2;196;195;207m[38;2;163;160;178m▄[0m[48;2;196;195;207m[38;2;196;195;207m▄[0m[48;2;0;0;0m[38;2;66;65;66m▄[0m[38;2;0;0;0m▄[0m          
          [38;2;0;0;0m▀[0m[48;2;163;160;178m[38;2;0;0;0m▄[0m[48;2;163;160;178m[38;2;0;0;0m▄[0m[48;2;132;130;151m[38;2;0;0;0m▄[0m[38;2;0;0;0m▀[0m         [38;2;0;0;0m▀[0m[48;2;171;169;183m[38;2;8;8;0m▄[0m[48;2;171;169;183m[38;2;71;68;90m▄[0m[48;2;186;183;197m[38;2;186;183;197m▄[0m[48;2;8;8;0m[38;2;81;78;100m▄[0m[38;2;0;0;0m▄[0m[38;2;0;0;0m▄[0m        
                         [38;2;0;0;0m▀[0m[48;2;196;195;207m[38;2;0;0;0m▄[0m[48;2;90;88;110m[38;2;0;4;0m▄[0m[48;2;202;201;211m[38;2;0;4;0m▄[0m[48;2;166;165;181m[38;2;0;0;0m▄[0m[38;2;0;0;0m▀[0m        
