                           [38;2;0;0;0m▄[0m[48;2;0;0;0m[38;2;255;178;240m▄[0m[38;2;0;0;0m▄[0m            
                           [48;2;0;0;0m[38;2;0;0;0m▄[0m[48;2;255;178;240m[38;2;255;178;240m▄[0m[48;2;0;0;0m[38;2;0;0;0m▄[0m            
                     [38;2;0;0;0m▄[0m[38;2;0;0;0m▄[0m[38;2;0;0;0m▄[0m[38;2;16;0;0m▄[0m[48;2;0;0;0m[38;2;196;94;170m▄[0m[48;2;0;0;0m[38;2;255;123;202m▄[0m[48;2;0;0;0m[38;2;255;123;202m▄[0m[48;2;255;178;240m[38;2;255;178;240m▄[0m[48;2;0;0;0m[38;2;255;123;202m▄[0m[38;2;0;0;0m▄[0m[38;2;0;0;0m▄[0m          
                    [38;2;0;0;0m▀[0m[48;2;255;178;240m[38;2;0;0;0m▄[0m[48;2;255;178;240m[38;2;0;0;0m▄[0m[48;2;255;178;240m[38;2;0;0;0m▄[0m[48;2;255;174;241m[38;2;255;178;240m▄[0m[48;2;255;174;241m[38;2;255;178;240m▄[0m[48;2;255;178;240m[38;2;255;142;217m▄[0m[48;2;255;178;240m[38;2;255;142;217m▄[0m[48;2;255;178;240m[38;2;255;178;240m▄[0m[48;2;255;178;240m[38;2;255;178;240m▄[0m[48;2;255;178;240m[38;2;255;178;240m▄[0m[48;2;255;178;240m[38;2;255;178;240m▄[0m[48;2;0;0;0m[38;2;255;177;240m▄[0m[48;2;0;0;0m[38;2;255;177;240m▄[0m[38;2;0;0;0m▄[0m[38;2;0;0;0m▄[0m      
                        [38;2;0;0;0m▀[0m[38;2;0;0;0m▀[0m[48;2;66;64;66m[38;2;0;8;0m▄[0m[48;2;255;142;217m[38;2;255;130;196m▄[0m[48;2;255;178;240m[38;2;255;178;240m▄[0m[48;2;255;123;202m[38;2;255;123;202m▄[0m[48;2;246;72;172m[38;2;66;63;67m▄[0m[48;2;255;178;240m[38;2;0;0;0m▄[0m[48;2;255;177;240m[38;2;0;0;0m▄[0m[48;2;255;177;240m[38;2;0;0;0m▄[0m[48;2;255;178;240m[38;2;255;178;240m▄[0m[48;2;255;178;240m[38;2;255;178;240m▄[0m[48;2;0;0;0m[38;2;255;178;240m▄[0m[48;2;0;0;0m[38;2;255;178;240m▄[0m[38;2;0;0;0m▄[0m   
                     [38;2;0;0;0m▄[0m[48;2;0;0;0m[38;2;255;178;240m▄[0m[48;2;0;0;0m[38;2;255;178;240m▄[0m[48;2;0;0;0m[38;2;255;178;240m▄[0m[48;2;0;0;0m[38;2;255;178;240m▄[0m[48;2;86;47;64m[38;2;250;70;170m▄[0m[48;2;255;130;196m[38;2;255;119;210m▄[0m[48;2;255;178;240m[38;2;255;177;240m▄[0m[48;2;255;178;240m[38;2;255;177;240m▄[0m[48;2;0;0;0m[38;2;255;177;240m▄[0m[48;2;0;0;0m[38;2;255;177;240m▄[0m[38;2;0;0;0m▄[0m[38;2;0;0;0m▄[0m[38;2;0;0;0m▀[0m[38;2;0;0;0m▀[0m[38;2;0;0;0m▀[0m[38;2;0;0;0m▀[0m    
                      [48;2;0;4;0m[38;2;0;0;0m▄[0m[48;2;94;54;74m[38;2;255;214;66m▄[0m[48;2;246;72;172m[38;2;66;64;65m▄[0m[48;2;255;178;240m[38;2;0;0;0m▄[0m[48;2;250;70;170m[38;2;196;94;170m▄[0m[48;2;255;174;241m[38;2;255;174;241m▄[0m[48;2;255;177;240m[38;2;255;177;240m▄[0m[48;2;255;177;240m[38;2;255;177;240m▄[0m[48;2;255;177;240m[38;2;66;64;66m▄[0m[48;2;255;177;240m[38;2;0;0;0m▄[0m[48;2;255;178;240m[38;2;255;93;183m▄[0m[48;2;255;178;240m[38;2;255;93;183m▄[0m[48;2;0;0;0m[38;2;255;178;240m▄[0m[48;2;0;0;0m[38;2;255;178;240m▄[0m[38;2;0;0;0m▄[0m     
                  [48;2;0;0;0m[38;2;0;0;0m▄[0m[48;2;0;0;0m[38;2;254;69;181m▄[0m[38;2;0;8;0m▄[0m[38;2;0;8;0m▄[0m[48;2;0;0;0m[38;2;255;214;66m▄[0m[48;2;255;214;66m[38;2;255;251;198m▄[0m[48;2;0;0;0m[38;2;82;70;43m▄[0m[38;2;20;1;19m▄[0m[48;2;16;0;0m[38;2;255;122;213m▄[0m[48;2;255;174;241m[38;2;255;122;213m▄[0m[48;2;255;177;240m[38;2;255;177;240m▄[0m[48;2;255;177;240m[38;2;255;177;240m▄[0m[48;2;0;0;0m[38;2;0;0;0m▄[0m [38;2;0;0;0m▀[0m[38;2;0;0;0m▀[0m[38;2;0;0;0m▀[0m[38;2;0;0;0m▀[0m      
                  [38;2;0;0;0m▄[0m[48;2;0;0;0m[38;2;254;69;181m▄[0m[48;2;248;83;175m[38;2;255;177;240m▄[0m[48;2;81;37;47m[38;2;68;46;80m▄[0m[48;2;255;214;66m[38;2;255;214;66m▄[0m[48;2;255;251;198m[38;2;255;251;198m▄[0m[48;2;247;210;82m[38;2;255;214;66m▄[0m[48;2;82;70;43m[38;2;66;64;65m▄[0m[48;2;255;122;213m[38;2;255;126;197m▄[0m[48;2;58;123;240m[38;2;58;123;240m▄[0m[48;2;255;177;240m[38;2;255;177;240m▄[0m[48;2;255;177;240m[38;2;255;177;240m▄[0m[48;2;254;69;181m[38;2;255;146;228m▄[0m[48;2;0;0;0m[38;2;0;0;0m▄[0m [38;2;0;0;0m▄[0m[48;2;0;0;0m[38;2;255;174;241m▄[0m[38;2;16;0;0m▄[0m[48;2;0;0;0m[38;2;255;162;232m▄[0m[38;2;0;0;0m▄[0m[48;2;0;0;0m[38;2;255;178;240m▄[0m[48;2;0;0;0m[38;2;0;0;0m▄[0m  
                 [38;2;0;0;0m▄[0m[48;2;0;0;0m[38;2;255;214;66m▄[0m[48;2;254;69;181m[38;2;66;64;65m▄[0m[48;2;68;46;80m[38;2;66;64;65m▄[0m[48;2;255;186;107m[38;2;255;214;66m▄[0m[48;2;255;251;198m[38;2;255;252;198m▄[0m[48;2;255;251;198m[38;2;255;252;198m▄[0m[48;2;255;214;66m[38;2;255;239;156m▄[0m[48;2;66;64;65m[38;2;255;239;156m▄[0m[48;2;58;123;240m[38;2;58;123;240m▄[0m[48;2;58;123;240m[38;2;255;93;183m▄[0m[48;2;255;177;240m[38;2;255;178;240m▄[0m[48;2;255;177;240m[38;2;255;178;240m▄[0m[48;2;255;146;228m[38;2;246;72;172m▄[0m[48;2;0;0;0m[38;2;255;178;240m▄[0m[38;2;16;0;0m▄[0m[48;2;0;0;0m[38;2;196;94;170m▄[0m[48;2;255;174;241m[38;2;255;178;240m▄[0m[48;2;196;94;170m[38;2;255;178;240m▄[0m[48;2;255;162;232m[38;2;246;72;172m▄[0m[48;2;255;162;232m[38;2;255;178;240m▄[0m[48;2;0;0;0m[38;2;255;178;240m▄[0m[38;2;0;0;0m▄[0m  
             [38;2;0;0;0m▄[0m[48;2;0;0;0m[38;2;58;123;240m▄[0m[38;2;0;0;0m▄[0m [48;2;0;0;0m[38;2;0;0;0m▄[0m[48;2;255;214;66m[38;2;255;214;66m▄[0m[48;2;255;214;66m[38;2;255;214;66m▄[0m[48;2;66;64;65m[38;2;66;64;65m▄[0m[48;2;255;214;66m[38;2;255;227;107m▄[0m[48;2;255;252;198m[38;2;255;251;198m▄[0m[48;2;255;252;198m[38;2;255;251;198m▄[0m[48;2;255;239;156m[38;2;247;255;222m▄[0m[48;2;58;123;240m[38;2;49;128;239m▄[0m[48;2;58;123;240m[38;2;58;123;240m▄[0m[48;2;255;93;183m[38;2;255;178;240m▄[0m[48;2;249;71;169m[38;2;255;177;240m▄[0m[48;2;255;121;208m[38;2;255;177;240m▄[0m[48;2;255;178;240m[38;2;255;178;240m▄[0m[48;2;246;72;172m[38;2;246;72;172m▄[0m[48;2;255;174;241m[38;2;255;123;202m▄[0m[48;2;255;174;241m[38;2;255;123;202m▄[0m[48;2;246;72;172m[38;2;255;166;242m▄[0m[48;2;255;178;240m[38;2;222;100;203m▄[0m[48;2;255;178;240m[38;2;255;178;240m▄[0m[48;2;246;72;172m[38;2;255;178;240m▄[0m[48;2;0;0;0m[38;2;0;0;0m▄[0m   
             [48;2;0;0;0m[38;2;0;0;0m▄[0m[48;2;58;123;240m[38;2;55;126;236m▄[0m[48;2;0;0;0m[38;2;55;126;236m▄[0m[38;2;15;0;13m▄[0m[48;2;0;0;0m[38;2;255;215;74m▄[0m[48;2;255;214;66m[38;2;255;252;198m▄[0m[48;2;255;251;198m[38;2;255;252;198m▄[0m[48;2;255;227;107m[38;2;255;239;156m▄[0m[48;2;255;227;107m[38;2;255;239;156m▄[0m[48;2;58;123;240m[38;2;57;139;233m▄[0m[48;2;255;251;198m[38;2;57;139;233m▄[0m[48;2;49;128;239m[38;2;57;139;239m▄[0m[48;2;181;228;227m[38;2;231;251;255m▄[0m[48;2;58;123;240m[38;2;168;82;247m▄[0m[48;2;255;178;240m[38;2;102;35;94m▄[0m[48;2;255;177;240m[38;2;66;64;65m▄[0m[48;2;255;177;240m[38;2;205;66;198m▄[0m[48;2;255;178;240m[38;2;255;178;240m▄[0m[48;2;246;72;172m[38;2;255;178;240m▄[0m[48;2;255;178;240m[38;2;246;72;172m▄[0m[48;2;255;123;202m[38;2;246;72;172m▄[0m[48;2;255;166;242m[38;2;85;51;75m▄[0m[48;2;79;51;69m[38;2;8;12;0m▄[0m[38;2;0;0;0m▀[0m[38;2;0;0;0m▀[0m    
       [38;2;0;0;0m▄[0m[38;2;0;0;0m▄[0m   [38;2;0;0;0m▄[0m[48;2;0;0;0m[38;2;255;214;66m▄[0m[48;2;55;126;236m[38;2;66;64;65m▄[0m[48;2;55;126;236m[38;2;173;235;255m▄[0m[48;2;85;71;35m[38;2;66;64;65m▄[0m[48;2;255;215;74m[38;2;255;251;198m▄[0m[48;2;255;252;198m[38;2;255;251;198m▄[0m[48;2;255;252;198m[38;2;255;251;198m▄[0m[48;2;255;239;156m[38;2;247;255;222m▄[0m[48;2;58;123;240m[38;2;49;128;239m▄[0m[48;2;173;235;255m[38;2;231;251;255m▄[0m[48;2;57;139;233m[38;2;57;139;239m▄[0m[48;2;173;217;249m[38;2;222;233;255m▄[0m[48;2;231;251;255m[38;2;143;110;139m▄[0m[48;2;140;87;135m[38;2;74;65;72m▄[0m[48;2;162;82;192m[38;2;167;94;173m▄[0m[48;2;205;66;198m[38;2;217;104;189m▄[0m[48;2;66;64;65m[38;2;217;104;189m▄[0m[48;2;246;72;172m[38;2;66;64;65m▄[0m[48;2;255;178;240m[38;2;255;178;240m▄[0m[48;2;255;178;240m[38;2;255;178;240m▄[0m[48;2;255;178;240m[38;2;246;72;172m▄[0m[48;2;85;51;75m[38;2;242;162;255m▄[0m[48;2;173;90;149m[38;2;77;56;79m▄[0m[48;2;0;0;0m[38;2;150;36;160m▄[0m[38;2;16;1;19m▄[0m    
       [48;2;0;0;0m[38;2;0;0;0m▄[0m[48;2;255;214;66m[38;2;255;214;66m▄[0m[48;2;0;0;0m[38;2;255;214;66m▄[0m[38;2;0;0;0m▄[0m [48;2;0;0;0m[38;2;0;0;0m▄[0m[48;2;255;214;66m[38;2;255;214;66m▄[0m[48;2;66;64;65m[38;2;194;193;123m▄[0m[48;2;173;235;255m[38;2;74;69;57m▄[0m[48;2;66;64;65m[38;2;255;239;156m▄[0m[48;2;255;251;198m[38;2;255;239;156m▄[0m[48;2;58;123;240m[38;2;57;131;233m▄[0m[48;2;255;251;198m[38;2;57;131;233m▄[0m[48;2;49;128;239m[38;2;119;162;172m▄[0m[48;2;181;228;227m[38;2;206;251;255m▄[0m[48;2;231;251;255m[38;2;189;239;255m▄[0m[48;2;173;217;249m[38;2;189;239;255m▄[0m[48;2;222;233;255m[38;2;182;59;217m▄[0m[48;2;93;44;76m[38;2;182;59;217m▄[0m[48;2;244;172;243m[38;2;255;170;203m▄[0m[48;2;74;65;72m[38;2;233;81;199m▄[0m[48;2;217;104;189m[38;2;231;114;192m▄[0m[48;2;182;76;149m[38;2;75;48;66m▄[0m[48;2;66;64;65m[38;2;207;83;162m▄[0m[48;2;255;178;240m[38;2;207;83;162m▄[0m[48;2;255;178;240m[38;2;248;83;175m▄[0m[48;2;246;72;172m[38;2;81;37;47m▄[0m[48;2;77;56;79m[38;2;182;79;148m▄[0m[48;2;125;71;149m[38;2;182;79;148m▄[0m[48;2;150;36;160m[38;2;255;77;143m▄[0m[48;2;227;62;222m[38;2;255;77;143m▄[0m[48;2;0;0;0m[38;2;0;0;0m▄[0m   
        [48;2;0;0;0m[38;2;0;0;0m▄[0m[48;2;255;214;66m[38;2;255;214;66m▄[0m[48;2;66;64;65m[38;2;255;227;107m▄[0m[48;2;0;0;0m[38;2;66;64;65m▄[0m[48;2;255;214;66m[38;2;255;214;66m▄[0m[48;2;255;214;66m[38;2;255;214;66m▄[0m[48;2;255;255;156m[38;2;255;251;198m▄[0m[48;2;74;69;57m[38;2;255;214;66m▄[0m[48;2;255;239;156m[38;2;247;255;222m▄[0m[48;2;58;123;240m[38;2;49;128;239m▄[0m[48;2;173;235;255m[38;2;173;235;255m▄[0m[48;2;57;131;233m[38;2;69;51;67m▄[0m[48;2;33;67;90m[38;2;217;108;184m▄[0m[48;2;206;251;255m[38;2;66;64;65m▄[0m[48;2;189;239;255m[38;2;144;110;146m▄[0m[48;2;217;111;183m[38;2;41;86;107m▄[0m[48;2;66;64;65m[38;2;255;182;224m▄[0m[48;2;182;59;217m[38;2;66;64;65m▄[0m[48;2;233;81;199m[38;2;217;104;189m▄[0m[48;2;189;47;187m[38;2;182;76;149m▄[0m[48;2;153;81;129m[38;2;0;0;0m▄[0m[38;2;8;12;0m▀[0m[38;2;16;0;0m▀[0m[48;2;255;171;230m[38;2;0;0;0m▄[0m[38;2;0;8;0m▀[0m[38;2;0;8;0m▀[0m[48;2;182;79;148m[38;2;0;0;0m▄[0m[48;2;182;79;148m[38;2;217;103;191m▄[0m[48;2;255;77;143m[38;2;216;110;182m▄[0m[48;2;181;78;147m[38;2;216;110;182m▄[0m[48;2;179;80;147m[38;2;205;69;189m▄[0m[48;2;0;0;0m[38;2;0;0;0m▄[0m  
        [38;2;0;0;0m▀[0m[48;2;255;214;66m[38;2;0;0;0m▄[0m[48;2;255;227;107m[38;2;255;214;66m▄[0m[48;2;255;227;107m[38;2;255;251;198m▄[0m[48;2;255;214;66m[38;2;255;214;66m▄[0m[48;2;255;214;66m[38;2;255;251;198m▄[0m[48;2;255;251;198m[38;2;255;252;198m▄[0m[48;2;255;251;198m[38;2;255;252;198m▄[0m[48;2;49;128;239m[38;2;95;175;197m▄[0m[48;2;181;228;227m[38;2;123;231;255m▄[0m[48;2;69;51;67m[38;2;67;57;66m▄[0m[48;2;173;133;188m[38;2;225;97;198m▄[0m[48;2;166;93;143m[38;2;180;80;148m▄[0m[48;2;66;64;65m[38;2;66;64;65m▄[0m[48;2;196;114;207m[38;2;233;81;199m▄[0m[48;2;255;174;231m[38;2;255;170;203m▄[0m[48;2;255;182;224m[38;2;255;96;151m▄[0m[48;2;66;64;65m[38;2;255;96;151m▄[0m[48;2;182;76;149m[38;2;88;43;75m▄[0m[48;2;182;76;149m[38;2;8;8;0m▄[0m[38;2;0;0;0m▀[0m     [48;2;0;0;0m[38;2;0;0;0m▄[0m[48;2;217;103;191m[38;2;156;70;135m▄[0m[48;2;216;110;182m[38;2;217;104;189m▄[0m[48;2;216;110;182m[38;2;217;104;189m▄[0m[48;2;205;69;189m[38;2;88;43;75m▄[0m[48;2;0;0;0m[38;2;8;8;0m▄[0m  
        [38;2;7;0;7m▄[0m[48;2;0;0;0m[38;2;82;70;30m▄[0m[48;2;255;214;66m[38;2;66;64;65m▄[0m[48;2;255;251;198m[38;2;255;214;66m▄[0m[48;2;255;251;198m[38;2;255;252;198m▄[0m[48;2;255;251;198m[38;2;255;252;198m▄[0m[48;2;255;252;198m[38;2;255;251;198m▄[0m[48;2;255;252;198m[38;2;159;73;197m▄[0m[48;2;95;175;197m[38;2;175;87;148m▄[0m[48;2;41;47;82m[38;2;72;54;76m▄[0m[48;2;225;97;198m[38;2;217;104;189m▄[0m[48;2;169;82;155m[38;2;182;76;149m▄[0m[48;2;180;80;148m[38;2;182;76;149m▄[0m[48;2;66;64;65m[38;2;217;104;189m▄[0m[48;2;189;47;187m[38;2;216;110;182m▄[0m[48;2;233;81;199m[38;2;216;110;182m▄[0m[48;2;255;96;151m[38;2;217;103;191m▄[0m[48;2;218;108;182m[38;2;217;103;191m▄[0m[48;2;172;84;145m[38;2;217;104;189m▄[0m[48;2;172;84;145m[38;2;217;104;189m▄[0m[48;2;0;0;0m[38;2;217;103;191m▄[0m[38;2;0;0;0m▄[0m[38;2;0;0;0m▄[0m   [38;2;0;0;0m▀[0m[48;2;233;105;206m[38;2;0;0;0m▄[0m[48;2;182;76;149m[38;2;225;116;192m▄[0m[48;2;182;76;149m[38;2;152;77;131m▄[0m[48;2;172;84;145m[38;2;175;87;148m▄[0m[48;2;172;84;145m[38;2;175;87;148m▄[0m[48;2;0;0;0m[38;2;174;90;147m▄[0m[38;2;0;4;0m▄[0m
        [38;2;7;0;7m▀[0m[48;2;247;211;74m[38;2;0;0;0m▄[0m[48;2;66;64;65m[38;2;255;227;107m▄[0m[48;2;255;214;66m[38;2;255;227;107m▄[0m[48;2;255;252;198m[38;2;255;251;198m▄[0m[48;2;255;252;198m[38;2;255;251;198m▄[0m[48;2;255;251;198m[38;2;182;76;149m▄[0m[48;2;159;73;197m[38;2;217;104;189m▄[0m[48;2;226;105;189m[38;2;187;74;159m▄[0m[48;2;175;87;148m[38;2;96;64;93m▄[0m[48;2;217;104;189m[38;2;217;103;191m▄[0m[48;2;182;76;149m[38;2;217;103;191m▄[0m[48;2;217;104;189m[38;2;217;103;191m▄[0m[48;2;217;104;189m[38;2;66;64;65m▄[0m[48;2;216;110;182m[38;2;71;44;63m▄[0m[48;2;216;110;182m[38;2;213;111;180m▄[0m[48;2;217;103;191m[38;2;0;0;0m▄[0m[38;2;0;0;0m▀[0m[48;2;182;76;149m[38;2;0;0;0m▄[0m[48;2;217;104;189m[38;2;0;0;0m▄[0m[48;2;217;103;191m[38;2;213;111;180m▄[0m[48;2;217;103;191m[38;2;213;111;180m▄[0m[48;2;217;103;191m[38;2;216;110;182m▄[0m[48;2;0;0;0m[38;2;216;110;182m▄[0m[38;2;0;0;0m▄[0m  [38;2;0;0;0m▀[0m[38;2;7;0;7m▀[0m[48;2;225;116;192m[38;2;0;0;0m▄[0m[48;2;72;54;76m[38;2;0;0;0m▄[0m[48;2;226;105;189m[38;2;0;0;0m▄[0m[48;2;86;47;75m[38;2;0;0;0m▄[0m[38;2;0;4;0m▀[0m
      [38;2;0;0;0m▄[0m [38;2;8;12;0m▄[0m[48;2;0;0;0m[38;2;85;51;75m▄[0m[48;2;66;64;65m[38;2;142;75;121m▄[0m[48;2;255;227;107m[38;2;142;75;121m▄[0m[48;2;255;251;198m[38;2;255;214;66m▄[0m[48;2;179;80;147m[38;2;192;89;158m▄[0m[48;2;217;104;189m[38;2;132;79;181m▄[0m[48;2;217;104;189m[38;2;77;58;62m▄[0m[48;2;96;64;93m[38;2;66;64;65m▄[0m[48;2;255;215;99m[38;2;231;247;214m▄[0m[48;2;66;64;65m[38;2;96;64;93m▄[0m[48;2;217;103;191m[38;2;187;74;159m▄[0m[48;2;66;64;65m[38;2;217;104;189m▄[0m[48;2;217;103;191m[38;2;217;104;189m▄[0m[48;2;213;111;180m[38;2;217;103;191m▄[0m[48;2;8;12;0m[38;2;217;103;191m▄[0m[38;2;0;0;0m▄[0m   [48;2;8;12;0m[38;2;0;0;0m▄[0m[48;2;71;44;63m[38;2;156;70;135m▄[0m[48;2;216;110;182m[38;2;216;110;182m▄[0m[48;2;216;110;182m[38;2;216;110;182m▄[0m[48;2;217;103;191m[38;2;179;80;147m▄[0m[48;2;0;0;0m[38;2;0;0;0m▄[0m        
 [38;2;0;0;0m▄[0m[38;2;0;0;0m▄[0m[38;2;0;0;0m▄[0m[48;2;0;0;0m[38;2;182;79;148m▄[0m[48;2;0;0;0m[38;2;182;79;148m▄[0m[48;2;255;77;143m[38;2;66;64;65m▄[0m[48;2;0;0;0m[38;2;66;64;65m▄[0m[48;2;173;90;149m[38;2;77;45;55m▄[0m[48;2;85;51;75m[38;2;77;45;55m▄[0m[48;2;255;214;66m[38;2;191;88;236m▄[0m[48;2;142;75;121m[38;2;138;67;160m▄[0m[48;2;192;89;158m[38;2;217;103;191m▄[0m[48;2;192;89;158m[38;2;217;103;191m▄[0m[48;2;77;58;62m[38;2;57;95;148m▄[0m[48;2;90;162;247m[38;2;255;214;66m▄[0m[48;2;231;247;214m[38;2;255;227;107m▄[0m[48;2;231;247;214m[38;2;255;227;107m▄[0m[48;2;255;215;99m[38;2;88;43;75m▄[0m[48;2;96;64;93m[38;2;172;84;145m▄[0m[48;2;182;76;149m[38;2;0;0;0m▄[0m[48;2;182;76;149m[38;2;0;0;0m▄[0m[38;2;0;0;0m▀[0m[38;2;0;0;0m▀[0m  [38;2;0;0;0m▄[0m[38;2;0;0;0m▄[0m[48;2;0;0;0m[38;2;125;71;149m▄[0m[48;2;233;105;206m[38;2;77;56;79m▄[0m[48;2;216;110;182m[38;2;213;111;180m▄[0m[48;2;216;110;182m[38;2;213;111;180m▄[0m[48;2;0;0;0m[38;2;0;0;0m▄[0m         
[38;2;0;0;0m▀[0m[48;2;217;103;191m[38;2;0;0;0m▄[0m[48;2;179;80;147m[38;2;67;57;66m▄[0m[48;2;179;80;147m[38;2;225;97;198m▄[0m[48;2;182;79;148m[38;2;226;105;189m▄[0m[48;2;182;79;148m[38;2;175;87;148m▄[0m[48;2;180;80;148m[38;2;165;69;144m▄[0m[48;2;66;64;65m[38;2;165;69;144m▄[0m[48;2;247;86;144m[38;2;0;0;0m▄[0m[38;2;0;20;8m▀[0m[38;2;24;1;4m▀[0m[48;2;138;67;160m[38;2;0;0;0m▄[0m[48;2;217;103;191m[38;2;233;105;206m▄[0m[48;2;66;64;65m[38;2;156;70;135m▄[0m[48;2;255;214;66m[38;2;66;62;66m▄[0m[48;2;57;95;148m[38;2;66;62;66m▄[0m[48;2;255;227;107m[38;2;179;80;147m▄[0m[48;2;66;64;65m[38;2;0;0;0m▄[0m[48;2;172;84;145m[38;2;0;0;0m▄[0m[38;2;8;8;0m▀[0m     [38;2;0;0;0m▄[0m[48;2;0;0;0m[38;2;67;57;66m▄[0m[48;2;255;182;224m[38;2;169;82;155m▄[0m[48;2;77;56;79m[38;2;217;103;191m▄[0m[48;2;248;161;238m[38;2;66;64;65m▄[0m[48;2;71;44;63m[38;2;86;44;91m▄[0m[48;2;8;12;0m[38;2;238;170;245m▄[0m[38;2;0;0;0m▄[0m         
[48;2;0;0;0m[38;2;0;0;0m▄[0m[48;2;66;64;65m[38;2;217;103;191m▄[0m[48;2;225;97;198m[38;2;217;103;191m▄[0m[48;2;169;82;155m[38;2;0;0;0m▄[0m[48;2;72;54;76m[38;2;0;0;0m▄[0m[48;2;175;87;148m[38;2;217;103;191m▄[0m[48;2;242;109;201m[38;2;217;103;191m▄[0m[48;2;8;0;6m[38;2;0;0;0m▄[0m    [38;2;0;0;0m▀[0m[38;2;0;0;0m▀[0m[38;2;0;0;0m▀[0m[38;2;0;0;0m▀[0m[38;2;0;0;0m▀[0m     [38;2;0;0;0m▄[0m[48;2;0;0;0m[38;2;217;103;191m▄[0m[48;2;0;0;0m[38;2;217;103;191m▄[0m[48;2;217;103;191m[38;2;66;64;65m▄[0m[48;2;225;97;198m[38;2;67;57;66m▄[0m[48;2;225;97;198m[38;2;225;97;198m▄[0m[48;2;217;103;191m[38;2;217;103;191m▄[0m[48;2;217;103;191m[38;2;217;103;191m▄[0m[48;2;172;86;182m[38;2;233;105;206m▄[0m[48;2;0;0;0m[38;2;0;0;0m▄[0m          
 [38;2;0;0;0m▀[0m[38;2;0;0;0m▀[0m  [38;2;0;0;0m▀[0m[38;2;0;0;0m▀[0m                [38;2;0;0;0m▀[0m[48;2;66;64;65m[38;2;0;0;0m▄[0m[48;2;66;64;65m[38;2;217;103;191m▄[0m[48;2;225;97;198m[38;2;217;103;191m▄[0m[48;2;169;82;155m[38;2;0;0;0m▄[0m[48;2;66;64;65m[38;2;0;0;0m▄[0m[48;2;217;103;191m[38;2;217;103;191m▄[0m[48;2;156;70;135m[38;2;217;103;191m▄[0m[48;2;0;0;0m[38;2;0;0;0m▄[0m          
                         [38;2;0;0;0m▀[0m[38;2;0;0;0m▀[0m  [38;2;0;0;0m▀[0m[38;2;0;0;0m▀[0m           
