               [48;2;0;0;0m[38;2;0;0;0m▄[0m[48;2;0;0;0m[38;2;49;48;49m▄[0m[38;2;0;0;0m▄[0m[48;2;0;0;0m[38;2;61;34;37m▄[0m[38;2;0;16;8m▄[0m[38;2;0;0;0m▄[0m                  
                [38;2;0;0;0m▀[0m[48;2;49;48;49m[38;2;0;0;0m▄[0m[48;2;123;52;65m[38;2;49;48;49m▄[0m[48;2;61;34;37m[38;2;137;37;60m▄[0m[48;2;139;36;57m[38;2;49;48;49m▄[0m[48;2;0;0;0m[38;2;0;0;0m▄[0m          [38;2;0;0;0m▄[0m[38;2;0;0;0m▄[0m[48;2;0;0;0m[38;2;79;89;104m▄[0m[48;2;0;0;0m[38;2;49;48;49m▄[0m[38;2;0;0;0m▄[0m[48;2;0;0;0m[38;2;78;89;106m▄[0m[38;2;0;0;0m▄[0m
              [38;2;0;0;0m▄[0m[48;2;0;0;0m[38;2;137;37;60m▄[0m[48;2;0;0;0m[38;2;137;37;60m▄[0m[48;2;139;36;57m[38;2;137;37;60m▄[0m[48;2;137;37;60m[38;2;0;0;0m▄[0m[48;2;137;37;60m[38;2;49;48;49m▄[0m[48;2;0;0;0m[38;2;78;89;106m▄[0m[38;2;0;0;0m▄[0m        [38;2;0;4;8m▄[0m[48;2;0;0;0m[38;2;109;52;68m▄[0m[48;2;78;89;106m[38;2;180;56;74m▄[0m[48;2;78;89;106m[38;2;82;89;106m▄[0m[48;2;79;89;104m[38;2;156;89;106m▄[0m[48;2;79;89;104m[38;2;104;64;76m▄[0m[48;2;78;89;106m[38;2;0;0;0m▄[0m[38;2;0;0;0m▀[0m 
              [48;2;0;0;0m[38;2;0;0;0m▄[0m[48;2;137;37;60m[38;2;139;36;57m▄[0m[48;2;137;37;60m[38;2;131;44;65m▄[0m[48;2;0;0;0m[38;2;0;12;8m▄[0m [48;2;0;0;0m[38;2;0;0;0m▄[0m[48;2;78;89;106m[38;2;79;89;104m▄[0m[48;2;0;0;0m[38;2;49;48;49m▄[0m[38;2;0;8;8m▄[0m[38;2;0;8;8m▄[0m[48;2;0;0;0m[38;2;183;55;76m▄[0m[48;2;0;0;0m[38;2;183;55;76m▄[0m[48;2;0;0;0m[38;2;180;56;74m▄[0m[38;2;0;0;0m▄[0m  [38;2;0;4;8m▀[0m[48;2;164;76;98m[38;2;0;0;0m▄[0m[48;2;82;89;106m[38;2;183;55;76m▄[0m[48;2;180;56;74m[38;2;183;55;76m▄[0m[48;2;104;64;76m[38;2;180;56;74m▄[0m[48;2;0;16;16m[38;2;0;0;0m▄[0m   
           [38;2;0;0;0m▄[0m[48;2;0;0;0m[38;2;222;85;106m▄[0m[38;2;0;0;0m▄[0m [48;2;0;0;0m[38;2;0;0;0m▄[0m[48;2;65;28;37m[38;2;82;89;104m▄[0m[48;2;131;44;65m[38;2;0;0;0m▄[0m[48;2;0;0;0m[38;2;49;48;49m▄[0m[48;2;49;48;49m[38;2;222;85;106m▄[0m[48;2;79;89;104m[38;2;49;48;49m▄[0m[48;2;79;89;104m[38;2;79;89;104m▄[0m[48;2;60;25;32m[38;2;49;48;49m▄[0m[48;2;180;60;82m[38;2;137;37;60m▄[0m[48;2;183;55;76m[38;2;180;56;74m▄[0m[48;2;183;55;76m[38;2;0;0;0m▄[0m[48;2;180;56;74m[38;2;0;0;0m▄[0m[48;2;180;56;74m[38;2;180;56;74m▄[0m[48;2;0;0;0m[38;2;189;56;82m▄[0m[38;2;0;0;0m▄[0m[38;2;0;0;0m▄[0m[48;2;0;0;0m[38;2;137;37;60m▄[0m[48;2;183;55;76m[38;2;137;39;60m▄[0m[48;2;183;55;76m[38;2;137;39;60m▄[0m[48;2;180;56;74m[38;2;0;0;0m▄[0m[38;2;0;0;0m▀[0m   
           [48;2;0;0;0m[38;2;0;0;0m▄[0m[48;2;222;85;106m[38;2;222;85;106m▄[0m[48;2;0;0;0m[38;2;49;48;49m▄[0m[38;2;0;0;0m▄[0m[48;2;0;0;0m[38;2;82;89;104m▄[0m[48;2;82;89;104m[38;2;79;89;104m▄[0m[48;2;41;44;52m[38;2;79;89;104m▄[0m[48;2;49;48;49m[38;2;49;48;49m▄[0m[48;2;222;85;106m[38;2;222;85;106m▄[0m[48;2;49;48;49m[38;2;41;56;57m▄[0m[48;2;79;89;104m[38;2;98;68;76m▄[0m[48;2;49;48;49m[38;2;60;35;38m▄[0m[48;2;137;37;60m[38;2;0;20;16m▄[0m[38;2;0;0;0m▀[0m  [38;2;0;0;0m▀[0m[48;2;189;56;82m[38;2;0;0;0m▄[0m[48;2;126;37;54m[38;2;0;0;0m▄[0m[48;2;137;37;60m[38;2;137;37;60m▄[0m[48;2;137;37;60m[38;2;137;37;60m▄[0m[48;2;137;39;60m[38;2;139;36;57m▄[0m[48;2;137;39;60m[38;2;0;0;0m▄[0m[38;2;0;0;0m▀[0m    
           [48;2;0;0;0m[38;2;0;0;0m▄[0m[48;2;222;85;106m[38;2;230;76;106m▄[0m[48;2;49;48;49m[38;2;49;48;49m▄[0m[48;2;41;44;52m[38;2;79;89;104m▄[0m[48;2;82;89;104m[38;2;49;48;49m▄[0m[48;2;79;89;104m[38;2;98;68;76m▄[0m[48;2;49;48;49m[38;2;41;56;57m▄[0m[48;2;222;85;106m[38;2;227;84;106m▄[0m[48;2;222;85;106m[38;2;255;255;255m▄[0m[48;2;213;93;115m[38;2;230;80;106m▄[0m[48;2;41;56;57m[38;2;49;44;49m▄[0m[48;2;180;64;82m[38;2;180;52;74m▄[0m[48;2;60;35;38m[38;2;49;44;49m▄[0m[48;2;0;0;0m[38;2;180;53;76m▄[0m[48;2;0;0;0m[38;2;49;48;49m▄[0m[38;2;0;0;0m▄[0m[38;2;0;0;0m▄[0m  [38;2;0;0;0m▀[0m[38;2;0;0;0m▀[0m[38;2;0;0;0m▀[0m      
           [48;2;0;0;0m[38;2;0;0;0m▄[0m[48;2;169;67;87m[38;2;164;80;98m▄[0m[48;2;49;48;49m[38;2;54;37;43m▄[0m[48;2;79;89;104m[38;2;49;48;49m▄[0m[48;2;49;48;49m[38;2;79;89;104m▄[0m[48;2;41;56;57m[38;2;49;48;49m▄[0m[48;2;213;93;115m[38;2;180;53;76m▄[0m[48;2;227;84;106m[38;2;180;56;74m▄[0m[48;2;255;255;255m[38;2;255;255;255m▄[0m[48;2;230;80;106m[38;2;180;56;74m▄[0m[48;2;169;68;87m[38;2;180;56;74m▄[0m[48;2;180;52;74m[38;2;183;55;76m▄[0m[48;2;137;49;65m[38;2;183;55;76m▄[0m[48;2;180;53;76m[38;2;189;56;82m▄[0m[48;2;180;53;76m[38;2;126;37;54m▄[0m[48;2;180;56;74m[38;2;0;0;0m▄[0m[38;2;0;0;0m▀[0m           
           [38;2;0;0;0m▄[0m[48;2;0;16;16m[38;2;57;52;57m▄[0m[48;2;109;59;71m[38;2;57;52;57m▄[0m[48;2;79;89;104m[38;2;49;48;49m▄[0m[48;2;49;48;49m[38;2;225;143;101m▄[0m[48;2;180;53;76m[38;2;74;62;59m▄[0m[48;2;180;53;76m[38;2;238;209;197m▄[0m[48;2;180;56;74m[38;2;255;255;255m▄[0m[48;2;255;255;255m[38;2;255;255;255m▄[0m[48;2;255;255;255m[38;2;255;255;255m▄[0m[48;2;255;255;255m[38;2;180;56;74m▄[0m[48;2;183;55;76m[38;2;180;56;74m▄[0m[48;2;183;55;76m[38;2;180;56;74m▄[0m[48;2;189;56;82m[38;2;115;89;94m▄[0m[48;2;0;0;0m[38;2;32;0;0m▄[0m             
           [48;2;0;0;0m[38;2;0;0;0m▄[0m[48;2;225;143;101m[38;2;173;111;66m▄[0m[48;2;57;52;57m[38;2;82;60;48m▄[0m[48;2;225;143;101m[38;2;179;109;63m▄[0m[48;2;225;143;101m[38;2;179;109;63m▄[0m[48;2;225;143;101m[38;2;179;109;63m▄[0m[48;2;74;62;59m[38;2;179;109;63m▄[0m[48;2;74;68;74m[38;2;179;109;63m▄[0m[48;2;194;192;194m[38;2;65;64;65m▄[0m[48;2;180;56;74m[38;2;123;60;74m▄[0m[48;2;180;56;74m[38;2;255;255;255m▄[0m[48;2;180;56;74m[38;2;172;52;74m▄[0m[48;2;255;255;255m[38;2;246;255;255m▄[0m[48;2;197;178;189m[38;2;186;183;191m▄[0m[48;2;197;178;189m[38;2;186;183;191m▄[0m[48;2;0;0;0m[38;2;101;58;63m▄[0m[38;2;49;0;0m▄[0m[38;2;0;0;0m▄[0m          
          [38;2;24;0;0m▄[0m[38;2;24;0;0m▄[0m[48;2;0;0;8m[38;2;255;255;255m▄[0m[48;2;173;111;66m[38;2;123;60;74m▄[0m[48;2;65;64;65m[38;2;191;192;191m▄[0m[48;2;179;109;63m[38;2;65;68;65m▄[0m[48;2;65;64;65m[38;2;255;255;255m▄[0m[48;2;65;64;65m[38;2;255;255;255m▄[0m[48;2;179;109;63m[38;2;65;64;65m▄[0m[48;2;65;64;65m[38;2;179;109;63m▄[0m[48;2;123;60;74m[38;2;179;109;63m▄[0m[48;2;255;255;255m[38;2;68;66;59m▄[0m[48;2;246;255;255m[38;2;98;52;65m▄[0m[48;2;222;187;194m[38;2;186;182;191m▄[0m[48;2;186;183;191m[38;2;183;182;189m▄[0m[48;2;186;183;191m[38;2;139;36;57m▄[0m[48;2;101;58;63m[38;2;185;182;193m▄[0m[48;2;205;174;189m[38;2;185;182;193m▄[0m[48;2;180;182;189m[38;2;183;182;189m▄[0m[48;2;0;0;0m[38;2;139;36;57m▄[0m[38;2;0;0;0m▄[0m        
        [38;2;0;0;0m▄[0m[48;2;0;0;0m[38;2;255;255;255m▄[0m[48;2;255;246;255m[38;2;255;255;255m▄[0m[48;2;101;82;84m[38;2;255;255;255m▄[0m[48;2;123;60;74m[38;2;255;255;255m▄[0m[48;2;255;255;255m[38;2;65;64;65m▄[0m[48;2;65;68;65m[38;2;225;143;101m▄[0m[48;2;255;255;255m[38;2;65;64;65m▄[0m[48;2;255;255;255m[38;2;65;64;65m▄[0m[48;2;65;64;65m[38;2;179;109;63m▄[0m[48;2;179;109;63m[38;2;179;109;63m▄[0m[48;2;179;109;63m[38;2;74;48;65m▄[0m[48;2;68;66;59m[38;2;183;182;189m▄[0m[48;2;197;172;163m[38;2;183;182;189m▄[0m[48;2;186;182;191m[38;2;186;183;194m▄[0m[48;2;98;52;65m[38;2;180;56;74m▄[0m[48;2;183;182;189m[38;2;180;56;74m▄[0m[48;2;139;36;57m[38;2;255;255;255m▄[0m[48;2;255;255;255m[38;2;183;55;74m▄[0m[48;2;185;182;193m[38;2;137;37;57m▄[0m[48;2;139;36;57m[38;2;186;183;191m▄[0m[48;2;139;36;57m[38;2;186;183;191m▄[0m[48;2;0;0;0m[38;2;0;0;0m▄[0m        
  [38;2;0;0;8m▄[0m[38;2;0;0;8m▄[0m[38;2;0;0;8m▄[0m[38;2;0;0;8m▄[0m  [48;2;0;0;0m[38;2;0;0;0m▄[0m[48;2;255;255;255m[38;2;180;56;74m▄[0m[48;2;180;56;74m[38;2;180;56;74m▄[0m[48;2;255;255;255m[38;2;180;56;74m▄[0m[48;2;255;255;255m[38;2;180;56;74m▄[0m[48;2;65;64;65m[38;2;180;56;74m▄[0m[48;2;225;143;101m[38;2;65;64;65m▄[0m[48;2;225;143;101m[38;2;65;64;65m▄[0m[48;2;179;109;63m[38;2;65;64;65m▄[0m[48;2;65;64;65m[38;2;255;255;255m▄[0m[48;2;74;48;65m[38;2;255;255;255m▄[0m[48;2;109;76;66m[38;2;180;56;74m▄[0m[48;2;139;36;57m[38;2;180;56;74m▄[0m[48;2;183;182;189m[38;2;180;56;74m▄[0m[48;2;180;56;74m[38;2;180;56;74m▄[0m[48;2;180;56;74m[38;2;255;255;255m▄[0m[48;2;255;255;255m[38;2;255;255;255m▄[0m[48;2;180;56;74m[38;2;255;255;255m▄[0m[48;2;183;55;74m[38;2;255;255;255m▄[0m[48;2;137;37;57m[38;2;180;56;74m▄[0m[48;2;186;183;191m[38;2;186;183;191m▄[0m[48;2;186;183;191m[38;2;186;183;191m▄[0m[48;2;0;0;0m[38;2;63;60;63m▄[0m[38;2;0;0;0m▄[0m       
[38;2;0;4;0m▄[0m[48;2;0;0;0m[38;2;244;147;99m▄[0m[48;2;224;149;112m[38;2;65;64;65m▄[0m[48;2;71;54;48m[38;2;225;143;101m▄[0m[48;2;224;149;112m[38;2;65;64;65m▄[0m[48;2;71;54;48m[38;2;225;143;101m▄[0m[48;2;0;0;0m[38;2;225;144;90m▄[0m[48;2;0;0;0m[38;2;65;64;65m▄[0m[48;2;180;56;74m[38;2;255;255;255m▄[0m[48;2;180;56;74m[38;2;255;255;255m▄[0m[48;2;180;56;74m[38;2;185;182;193m▄[0m[48;2;255;255;255m[38;2;255;255;255m▄[0m[48;2;255;255;255m[38;2;255;255;255m▄[0m[48;2;180;56;74m[38;2;255;255;255m▄[0m[48;2;180;53;76m[38;2;186;183;194m▄[0m[48;2;180;53;76m[38;2;180;56;74m▄[0m[48;2;255;255;255m[38;2;183;55;76m▄[0m[48;2;255;255;255m[38;2;183;55;76m▄[0m[48;2;255;255;255m[38;2;180;56;74m▄[0m[48;2;255;255;255m[38;2;255;255;255m▄[0m[48;2;255;255;255m[38;2;255;255;255m▄[0m[48;2;255;255;255m[38;2;180;56;74m▄[0m[48;2;180;56;74m[38;2;180;56;74m▄[0m[48;2;255;255;255m[38;2;180;56;74m▄[0m[48;2;180;56;74m[38;2;255;255;255m▄[0m[48;2;255;255;255m[38;2;255;255;255m▄[0m[48;2;255;255;255m[38;2;180;53;76m▄[0m[48;2;180;56;74m[38;2;180;53;76m▄[0m[48;2;186;183;191m[38;2;186;183;191m▄[0m[48;2;65;64;65m[38;2;186;183;191m▄[0m[48;2;189;182;189m[38;2;186;183;191m▄[0m[48;2;189;182;189m[38;2;186;183;191m▄[0m[48;2;0;0;0m[38;2;82;63;57m▄[0m[38;2;0;0;16m▄[0m[48;2;0;0;0m[38;2;65;64;65m▄[0m[48;2;0;0;0m[38;2;179;109;63m▄[0m[48;2;0;0;0m[38;2;179;109;63m▄[0m[38;2;0;0;0m▄[0m 
[48;2;0;4;0m[38;2;0;0;0m▄[0m[48;2;162;100;67m[38;2;180;56;74m▄[0m[48;2;225;143;101m[38;2;142;45;65m▄[0m[48;2;65;64;65m[38;2;65;56;65m▄[0m[48;2;225;143;101m[38;2;179;109;63m▄[0m[48;2;225;143;101m[38;2;115;48;65m▄[0m[48;2;65;64;65m[38;2;65;64;65m▄[0m[48;2;172;117;83m[38;2;179;109;63m▄[0m[48;2;65;64;65m[38;2;65;64;65m▄[0m[48;2;255;255;255m[38;2;255;250;255m▄[0m[48;2;255;255;255m[38;2;255;255;255m▄[0m[48;2;185;182;193m[38;2;255;255;255m▄[0m[48;2;255;255;255m[38;2;189;182;189m▄[0m[48;2;185;182;193m[38;2;63;60;63m▄[0m[48;2;186;183;194m[38;2;186;183;191m▄[0m[48;2;180;56;74m[38;2;186;183;191m▄[0m[48;2;183;55;76m[38;2;180;56;74m▄[0m[48;2;183;55;76m[38;2;180;56;74m▄[0m[48;2;255;255;255m[38;2;180;56;74m▄[0m[48;2;255;255;255m[38;2;255;255;255m▄[0m[48;2;255;255;255m[38;2;255;255;255m▄[0m[48;2;255;255;255m[38;2;180;56;74m▄[0m[48;2;255;255;255m[38;2;180;56;74m▄[0m[48;2;180;56;74m[38;2;180;56;74m▄[0m[48;2;255;255;255m[38;2;172;52;74m▄[0m[48;2;180;56;74m[38;2;246;255;255m▄[0m[48;2;180;53;76m[38;2;180;56;74m▄[0m[48;2;65;64;65m[38;2;0;0;0m▄[0m[48;2;186;183;191m[38;2;180;182;189m▄[0m[48;2;186;183;191m[38;2;180;182;189m▄[0m[48;2;186;183;191m[38;2;183;182;189m▄[0m[48;2;65;64;65m[38;2;183;182;189m▄[0m[48;2;173;115;84m[38;2;65;64;65m▄[0m[48;2;82;63;57m[38;2;179;109;63m▄[0m[48;2;179;109;63m[38;2;74;48;65m▄[0m[48;2;65;64;65m[38;2;179;109;63m▄[0m[48;2;179;109;63m[38;2;137;37;60m▄[0m[48;2;0;0;0m[38;2;0;0;0m▄[0m 
[38;2;0;0;0m▀[0m[48;2;180;56;74m[38;2;0;0;0m▄[0m[48;2;142;45;65m[38;2;0;0;0m▄[0m[48;2;180;40;65m[38;2;139;36;57m▄[0m[48;2;115;48;65m[38;2;131;48;65m▄[0m[48;2;115;48;65m[38;2;131;48;65m▄[0m[48;2;65;64;65m[38;2;115;48;65m▄[0m[48;2;65;64;65m[38;2;186;183;191m▄[0m[48;2;191;188;191m[38;2;186;183;191m▄[0m[48;2;255;250;255m[38;2;186;183;191m▄[0m[48;2;255;255;255m[38;2;180;182;189m▄[0m[48;2;185;182;193m[38;2;180;182;189m▄[0m[48;2;189;182;189m[38;2;0;0;0m▄[0m[38;2;0;0;0m▀[0m[48;2;186;183;191m[38;2;16;0;0m▄[0m[48;2;186;183;191m[38;2;205;178;189m▄[0m[48;2;186;183;194m[38;2;183;182;189m▄[0m[48;2;180;56;74m[38;2;183;182;189m▄[0m[48;2;180;56;74m[38;2;183;55;74m▄[0m[48;2;180;56;74m[38;2;183;55;74m▄[0m[48;2;180;56;74m[38;2;246;255;255m▄[0m[48;2;255;255;255m[38;2;246;255;255m▄[0m[48;2;255;255;255m[38;2;183;182;189m▄[0m[48;2;180;56;74m[38;2;139;36;57m▄[0m[48;2;246;255;255m[38;2;183;183;189m▄[0m[48;2;222;187;194m[38;2;106;40;57m▄[0m[48;2;0;0;0m[38;2;0;0;0m▄[0m [38;2;0;0;0m▀[0m[48;2;180;182;189m[38;2;0;0;0m▄[0m[48;2;139;36;57m[38;2;0;0;0m▄[0m[48;2;139;36;57m[38;2;139;36;57m▄[0m[48;2;65;64;65m[38;2;137;37;60m▄[0m[48;2;179;109;63m[38;2;137;37;60m▄[0m[48;2;74;48;65m[38;2;139;36;57m▄[0m[48;2;109;76;66m[38;2;0;0;0m▄[0m[48;2;137;37;60m[38;2;0;0;0m▄[0m[38;2;0;0;0m▀[0m 
   [38;2;0;0;0m▀[0m[38;2;0;8;8m▀[0m[48;2;87;35;46m[38;2;0;0;0m▄[0m[48;2;115;48;65m[38;2;0;0;0m▄[0m[48;2;115;48;65m[38;2;0;0;0m▄[0m[48;2;186;183;191m[38;2;65;64;65m▄[0m[48;2;186;183;191m[38;2;0;0;0m▄[0m[38;2;0;0;0m▀[0m[38;2;0;0;0m▀[0m[38;2;0;0;0m▄[0m[38;2;0;0;0m▄[0m[48;2;16;0;0m[38;2;49;48;49m▄[0m[48;2;79;59;63m[38;2;49;48;49m▄[0m[48;2;183;182;189m[38;2;137;37;60m▄[0m[48;2;139;36;57m[38;2;137;37;60m▄[0m[48;2;137;37;57m[38;2;137;39;60m▄[0m[48;2;137;37;57m[38;2;137;39;60m▄[0m[48;2;131;36;57m[38;2;139;36;57m▄[0m[48;2;208;182;189m[38;2;139;36;57m▄[0m[48;2;183;182;189m[38;2;139;36;57m▄[0m[48;2;139;36;57m[38;2;139;36;57m▄[0m[48;2;106;40;57m[38;2;183;182;189m▄[0m[48;2;106;40;57m[38;2;90;44;57m▄[0m[48;2;0;0;0m[38;2;180;182;189m▄[0m[48;2;0;0;0m[38;2;180;182;189m▄[0m[38;2;0;0;0m▄[0m[38;2;0;0;0m▄[0m [38;2;0;0;0m▀[0m[38;2;0;0;0m▀[0m[38;2;0;0;0m▀[0m[38;2;0;0;0m▀[0m    
       [38;2;0;0;0m▄[0m[48;2;0;0;0m[38;2;180;56;74m▄[0m[38;2;0;0;0m▄[0m[38;2;49;0;0m▄[0m[48;2;0;0;0m[38;2;255;242;246m▄[0m[48;2;255;255;255m[38;2;255;255;255m▄[0m[48;2;255;255;255m[38;2;255;255;255m▄[0m[48;2;255;255;255m[38;2;255;255;255m▄[0m[48;2;186;186;186m[38;2;156;44;65m▄[0m[48;2;49;48;49m[38;2;183;182;189m▄[0m[48;2;49;48;49m[38;2;183;182;189m▄[0m[48;2;137;39;60m[38;2;49;48;49m▄[0m[48;2;137;39;60m[38;2;137;37;60m▄[0m[48;2;139;36;57m[38;2;137;37;60m▄[0m[48;2;183;182;189m[38;2;137;37;60m▄[0m[48;2;183;182;189m[38;2;183;182;189m▄[0m[48;2;139;36;57m[38;2;139;36;57m▄[0m[48;2;183;182;189m[38;2;137;37;60m▄[0m[48;2;90;44;57m[38;2;137;37;60m▄[0m[48;2;49;48;49m[38;2;49;48;49m▄[0m[48;2;180;182;189m[38;2;180;182;189m▄[0m[48;2;180;182;189m[38;2;197;170;180m▄[0m[48;2;180;182;189m[38;2;57;36;41m▄[0m[48;2;0;0;0m[38;2;197;178;189m▄[0m[38;2;16;0;0m▄[0m[48;2;0;0;0m[38;2;139;36;57m▄[0m[48;2;0;0;0m[38;2;0;0;0m▄[0m     
       [38;2;0;0;0m▀[0m[48;2;180;56;74m[38;2;0;0;0m▄[0m[48;2;180;56;74m[38;2;189;56;82m▄[0m[48;2;117;80;82m[38;2;137;37;57m▄[0m[48;2;117;80;82m[38;2;183;55;74m▄[0m[48;2;139;36;57m[38;2;164;48;74m▄[0m[48;2;255;255;255m[38;2;255;255;255m▄[0m[48;2;156;44;65m[38;2;137;37;57m▄[0m[48;2;156;44;65m[38;2;183;55;74m▄[0m[48;2;139;36;57m[38;2;139;36;57m▄[0m[48;2;183;182;189m[38;2;183;182;189m▄[0m[48;2;49;48;49m[38;2;49;48;49m▄[0m[48;2;137;37;60m[38;2;137;37;60m▄[0m[48;2;49;48;49m[38;2;49;48;49m▄[0m[48;2;137;37;60m[38;2;137;37;60m▄[0m[48;2;139;36;57m[38;2;137;39;60m▄[0m[48;2;139;36;57m[38;2;137;39;60m▄[0m[48;2;49;48;49m[38;2;49;48;49m▄[0m[48;2;137;37;60m[38;2;137;37;60m▄[0m[48;2;49;48;49m[38;2;49;48;49m▄[0m[48;2;180;182;189m[38;2;49;48;49m▄[0m[48;2;57;36;41m[38;2;137;37;60m▄[0m[48;2;104;80;87m[38;2;137;37;60m▄[0m[48;2;76;59;63m[38;2;104;80;87m▄[0m[48;2;76;59;63m[38;2;57;36;41m▄[0m[48;2;0;0;0m[38;2;0;0;0m▄[0m      
      [48;2;0;0;0m[38;2;0;0;0m▄[0m[48;2;0;0;0m[38;2;180;56;74m▄[0m[48;2;126;37;54m[38;2;180;53;76m▄[0m[48;2;189;56;82m[38;2;180;53;76m▄[0m[48;2;183;55;74m[38;2;65;64;65m▄[0m[48;2;183;55;74m[38;2;65;64;65m▄[0m[48;2;164;48;74m[38;2;82;52;57m▄[0m[48;2;164;48;74m[38;2;123;91;101m▄[0m[48;2;183;55;74m[38;2;180;53;76m▄[0m[48;2;183;55;74m[38;2;180;53;76m▄[0m[48;2;139;36;57m[38;2;137;37;57m▄[0m[48;2;139;36;57m[38;2;183;55;74m▄[0m[48;2;137;37;60m[38;2;87;60;63m▄[0m[48;2;49;48;49m[38;2;197;182;189m▄[0m[48;2;49;48;49m[38;2;49;48;49m▄[0m[48;2;137;37;60m[38;2;137;37;60m▄[0m[48;2;137;39;60m[38;2;137;39;60m▄[0m[48;2;137;39;60m[38;2;137;39;60m▄[0m[48;2;49;48;49m[38;2;61;34;37m▄[0m[48;2;49;48;49m[38;2;123;52;65m▄[0m[48;2;137;37;60m[38;2;49;48;49m▄[0m[48;2;137;37;60m[38;2;49;48;49m▄[0m[48;2;137;37;60m[38;2;49;48;49m▄[0m[48;2;49;48;49m[38;2;180;182;189m▄[0m[48;2;57;36;41m[38;2;180;182;189m▄[0m[48;2;197;170;180m[38;2;180;182;189m▄[0m[48;2;0;0;0m[38;2;0;0;0m▄[0m      
       [38;2;0;0;0m▀[0m[48;2;180;53;76m[38;2;0;0;0m▄[0m[48;2;65;64;65m[38;2;65;64;65m▄[0m[48;2;186;183;191m[38;2;183;182;189m▄[0m[48;2;186;183;191m[38;2;139;36;57m▄[0m[48;2;205;170;189m[38;2;183;182;189m▄[0m[48;2;82;52;57m[38;2;183;182;189m▄[0m[48;2;65;64;65m[38;2;186;183;191m▄[0m[48;2;180;53;76m[38;2;65;64;65m▄[0m[48;2;183;55;74m[38;2;189;56;82m▄[0m[48;2;137;37;57m[38;2;128;37;54m▄[0m[48;2;197;182;189m[38;2;0;0;0m▄[0m[38;2;32;0;0m▀[0m[48;2;49;48;49m[38;2;0;0;0m▄[0m[48;2;137;37;60m[38;2;137;37;60m▄[0m[48;2;137;39;60m[38;2;137;37;60m▄[0m[48;2;137;39;60m[38;2;137;37;60m▄[0m[48;2;61;34;37m[38;2;0;0;0m▄[0m[38;2;0;16;8m▀[0m[48;2;180;182;189m[38;2;0;0;0m▄[0m[48;2;180;182;189m[38;2;180;182;189m▄[0m[48;2;180;182;189m[38;2;186;183;191m▄[0m[48;2;180;182;189m[38;2;186;183;191m▄[0m[48;2;180;182;189m[38;2;197;178;189m▄[0m[48;2;0;0;0m[38;2;24;0;0m▄[0m       
        [38;2;8;0;0m▄[0m[48;2;0;0;0m[38;2;128;37;54m▄[0m[48;2;183;182;189m[38;2;183;182;191m▄[0m[48;2;139;36;57m[38;2;156;44;65m▄[0m[48;2;183;182;189m[38;2;183;182;189m▄[0m[48;2;139;36;57m[38;2;139;36;57m▄[0m[48;2;186;183;191m[38;2;189;182;189m▄[0m[48;2;65;64;65m[38;2;63;60;63m▄[0m[48;2;128;37;54m[38;2;0;0;0m▄[0m[38;2;8;0;0m▀[0m  [48;2;0;0;0m[38;2;0;0;0m▄[0m[38;2;0;0;0m▀[0m[48;2;137;37;60m[38;2;0;0;0m▄[0m[38;2;0;0;0m▀[0m  [48;2;0;0;0m[38;2;0;0;0m▄[0m[48;2;180;182;189m[38;2;180;182;189m▄[0m[48;2;186;183;191m[38;2;65;64;65m▄[0m[48;2;186;183;191m[38;2;65;64;65m▄[0m[48;2;82;59;63m[38;2;157;95;52m▄[0m[48;2;82;59;63m[38;2;157;95;52m▄[0m[48;2;0;0;0m[38;2;157;95;59m▄[0m[38;2;0;0;0m▄[0m     
      [38;2;0;0;8m▄[0m[48;2;0;0;0m[38;2;71;54;48m▄[0m[48;2;128;37;54m[38;2;225;143;101m▄[0m[48;2;189;56;82m[38;2;65;64;65m▄[0m[48;2;156;44;65m[38;2;225;143;101m▄[0m[48;2;156;44;65m[38;2;65;64;65m▄[0m[48;2;139;36;57m[38;2;172;89;74m▄[0m[48;2;183;182;189m[38;2;117;59;49m▄[0m[48;2;189;182;189m[38;2;180;182;189m▄[0m[48;2;0;0;0m[38;2;0;0;0m▄[0m           [38;2;0;0;0m▀[0m[38;2;0;0;0m▀[0m[38;2;0;0;0m▀[0m[38;2;0;0;0m▀[0m[38;2;0;0;0m▀[0m[38;2;0;0;0m▀[0m      
      [38;2;0;0;8m▀[0m[48;2;224;149;112m[38;2;0;0;0m▄[0m[48;2;65;64;65m[38;2;0;0;0m▄[0m[48;2;225;143;101m[38;2;0;0;0m▄[0m[48;2;65;64;65m[38;2;0;0;0m▄[0m[48;2;225;143;101m[38;2;0;0;0m▄[0m[48;2;172;89;74m[38;2;0;0;0m▄[0m[38;2;8;0;0m▀[0m[38;2;0;0;0m▀[0m                        
